2010,2008,11441,13961,12647
2025,2008,7769,16375,12647
2025,2010,9965,16375,13961
2026,2008,7710,16734,12647
2026,2010,9892,16734,13961
2026,2025,18744,16734,16375
2027,2008,7335,17410,12647
2027,2010,9544,17410,13961
2027,2025,17224,17410,16375
2027,2026,17939,17410,16734
2030,2008,6431,19556,12647
2030,2010,8426,19556,13961
2030,2025,15050,19556,16375
2030,2026,15372,19556,16734
2030,2027,16810,19556,17410
2032,2008,5892,27567,12647
2032,2010,7530,27567,13961
2032,2025,12741,27567,16375
2032,2026,12939,27567,16734
2032,2027,14252,27567,17410
2032,2030,18426,27567,19556
2040,2008,4474,44472,12647
2040,2010,6009,44472,13961
2040,2025,10393,44472,16375
2040,2026,10514,44472,16734
2040,2027,11508,44472,17410
2040,2030,13913,44472,19556
2040,2032,21508,44472,27567
2042,2008,4589,45577,12647
2042,2010,5940,45577,13961
2042,2025,9857,45577,16375
2042,2026,9960,45577,16734
2042,2027,10954,45577,17410
2042,2030,13218,45577,19556
2042,2032,20282,45577,27567
2042,2040,37391,45577,44472
2060,2008,3372,68759,12647
2060,2010,4471,68759,13961
2060,2025,7289,68759,16375
2060,2026,7394,68759,16734
2060,2027,8326,68759,17410
2060,2030,10159,68759,19556
2060,2032,16271,68759,27567
2060,2040,28484,68759,44472
2060,2042,32082,68759,45577
2070,2008,3164,89236,12647
2070,2010,4153,89236,13961
2070,2025,6798,89236,16375
2070,2026,6903,89236,16734
2070,2027,7812,89236,17410
2070,2030,9253,89236,19556
2070,2032,14535,89236,27567
2070,2040,25080,89236,44472
2070,2042,28188,89236,45577
2070,2060,52987,89236,68759
2080,2008,2572,102795,12647
2080,2010,3430,102795,13961
2080,2025,5836,102795,16375
2080,2026,5941,102795,16734
2080,2027,6780,102795,17410
2080,2030,7873,102795,19556
2080,2032,12044,102795,27567
2080,2040,21887,102795,44472
2080,2042,24073,102795,45577
2080,2060,45302,102795,68759
2080,2070,63343,102795,89236
2082,2008,2500,104732,12647
2082,2010,3264,104732,13961
2082,2025,5642,104732,16375
2082,2026,5747,104732,16734
2082,2027,6530,104732,17410
2082,2030,7579,104732,19556
2082,2032,11573,104732,27567
2082,2040,21038,104732,44472
2082,2042,23147,104732,45577
2082,2060,44139,104732,68759
2082,2070,58702,104732,89236
2082,2080,80230,104732,102795
2084,2008,2500,112719,12647
2084,2010,3264,112719,13961
2084,2025,5648,112719,16375
2084,2026,5753,112719,16734
2084,2027,6536,112719,17410
2084,2030,7585,112719,19556
2084,2032,11567,112719,27567
2084,2040,21030,112719,44472
2084,2042,23139,112719,45577
2084,2060,44104,112719,68759
2084,2070,60747,112719,89236
2084,2080,84316,112719,102795
2084,2082,90294,112719,104732
2100,2008,1752,134303,12647
2100,2010,2111,134303,13961
2100,2025,3333,134303,16375
2100,2026,3427,134303,16734
2100,2027,4149,134303,17410
2100,2030,4842,134303,19556
2100,2032,8327,134303,27567
2100,2040,16263,134303,44472
2100,2042,18254,134303,45577
2100,2060,30595,134303,68759
2100,2070,42509,134303,89236
2100,2080,56429,134303,102795
2100,2082,58254,134303,104732
2100,2084,61405,134303,112719
2102,2008,1770,182244,12647
2102,2010,2133,182244,13961
2102,2025,3309,182244,16375
2102,2026,3387,182244,16734
2102,2027,4109,182244,17410
2102,2030,4808,182244,19556
2102,2032,8407,182244,27567
2102,2040,16047,182244,44472
2102,2042,17728,182244,45577
2102,2060,30819,182244,68759
2102,2070,42034,182244,89236
2102,2080,53826,182244,102795
2102,2082,55322,182244,104732
2102,2084,58279,182244,112719
2102,2100,106377,182244,134303
2104,2008,1730,187582,12647
2104,2010,2089,187582,13961
2104,2025,3197,187582,16375
2104,2026,3275,187582,16734
2104,2027,3997,187582,17410
2104,2030,4656,187582,19556
2104,2032,8234,187582,27567
2104,2040,15597,187582,44472
2104,2042,17163,187582,45577
2104,2060,29627,187582,68759
2104,2070,40447,187582,89236
2104,2080,51322,187582,102795
2104,2082,52480,187582,104732
2104,2084,55370,187582,112719
2104,2100,101728,187582,134303
2104,2102,151240,187582,182244
2200,2008,1223,216806,12647
2200,2010,1462,216806,13961
2200,2025,2257,216806,16375
2200,2026,2340,216806,16734
2200,2027,2976,216806,17410
2200,2030,3560,216806,19556
2200,2032,6251,216806,27567
2200,2040,11745,216806,44472
2200,2042,12593,216806,45577
2200,2060,22106,216806,68759
2200,2070,28993,216806,89236
2200,2080,36766,216806,102795
2200,2082,37147,216806,104732
2200,2084,39677,216806,112719
2200,2100,71880,216806,134303
2200,2102,113319,216806,182244
2200,2104,118610,216806,187582
2202,2008,1117,232675,12647
2202,2010,1366,232675,13961
2202,2025,2138,232675,16375
2202,2026,2206,232675,16734
2202,2027,2810,232675,17410
2202,2030,3442,232675,19556
2202,2032,5715,232675,27567
2202,2040,11029,232675,44472
2202,2042,11808,232675,45577
2202,2060,20860,232675,68759
2202,2070,27440,232675,89236
2202,2080,34272,232675,102795
2202,2082,34446,232675,104732
2202,2084,36922,232675,112719
2202,2100,66054,232675,134303
2202,2102,106385,232675,182244
2202,2104,111178,232675,187582
2202,2200,169339,232675,216806
2300,2008,1072,315511,12647
2300,2010,1356,315511,13961
2300,2025,1982,315511,16375
2300,2026,2057,315511,16734
2300,2027,2621,315511,17410
2300,2030,3240,315511,19556
2300,2032,5437,315511,27567
2300,2040,11081,315511,44472
2300,2042,11338,315511,45577
2300,2060,21838,315511,68759
2300,2070,28070,315511,89236
2300,2080,34280,315511,102795
2300,2082,34273,315511,104732
2300,2084,36743,315511,112719
2300,2100,60907,315511,134303
2300,2102,100651,315511,182244
2300,2104,104862,315511,187582
2300,2200,151897,315511,216806
2300,2202,176571,315511,232675
2302,2008,1032,320056,12647
2302,2010,1316,320056,13961
2302,2025,1942,320056,16375
2302,2026,2017,320056,16734
2302,2027,2581,320056,17410
2302,2030,3196,320056,19556
2302,2032,5363,320056,27567
2302,2040,11007,320056,44472
2302,2042,11264,320056,45577
2302,2060,21681,320056,68759
2302,2070,27876,320056,89236
2302,2080,34048,320056,102795
2302,2082,33949,320056,104732
2302,2084,36662,320056,112719
2302,2100,60688,320056,134303
2302,2102,100383,320056,182244
2302,2104,104479,320056,187582
2302,2200,150335,320056,216806
2302,2202,174652,320056,232675
2302,2300,264303,320056,315511
2304,2008,1026,328047,12647
2304,2010,1318,328047,13961
2304,2025,1944,328047,16375
2304,2026,2019,328047,16734
2304,2027,2583,328047,17410
2304,2030,3198,328047,19556
2304,2032,5367,328047,27567
2304,2040,10974,328047,44472
2304,2042,11223,328047,45577
2304,2060,21609,328047,68759
2304,2070,27657,328047,89236
2304,2080,33830,328047,102795
2304,2082,33713,328047,104732
2304,2084,36426,328047,112719
2304,2100,59617,328047,134303
2304,2102,99019,328047,182244
2304,2104,103077,328047,187582
2304,2200,148260,328047,216806
2304,2202,171635,328047,232675
2304,2300,255464,328047,315511
2304,2302,268551,328047,320056
2306,2008,935,341987,12647
2306,2010,1189,341987,13961
2306,2025,1776,341987,16375
2306,2026,1843,341987,16734
2306,2027,2407,341987,17410
2306,2030,2992,341987,19556
2306,2032,5145,341987,27567
2306,2040,10489,341987,44472
2306,2042,10732,341987,45577
2306,2060,18508,341987,68759
2306,2070,24004,341987,89236
2306,2080,29160,341987,102795
2306,2082,28938,341987,104732
2306,2084,31633,341987,112719
2306,2100,54947,341987,134303
2306,2102,93360,341987,182244
2306,2104,96973,341987,187582
2306,2200,135543,341987,216806
2306,2202,154593,341987,232675
2306,2300,214384,341987,315511
2306,2302,225527,341987,320056
2306,2304,239257,341987,328047
2400,2008,725,380740,12647
2400,2010,1033,380740,13961
2400,2025,1564,380740,16375
2400,2026,1639,380740,16734
2400,2027,2203,380740,17410
2400,2030,2700,380740,19556
2400,2032,4758,380740,27567
2400,2040,9654,380740,44472
2400,2042,9911,380740,45577
2400,2060,17031,380740,68759
2400,2070,22014,380740,89236
2400,2080,26439,380740,102795
2400,2082,25985,380740,104732
2400,2084,28566,380740,112719
2400,2100,46527,380740,134303
2400,2102,83558,380740,182244
2400,2104,86524,380740,187582
2400,2200,116928,380740,216806
2400,2202,131854,380740,232675
2400,2300,182582,380740,315511
2400,2302,190811,380740,320056
2400,2304,202865,380740,328047
2400,2306,246155,380740,341987
2402,2008,717,372865,12647
2402,2010,1002,372865,13961
2402,2025,1454,372865,16375
2402,2026,1529,372865,16734
2402,2027,2103,372865,17410
2402,2030,2563,372865,19556
2402,2032,4465,372865,27567
2402,2040,9005,372865,44472
2402,2042,9554,372865,45577
2402,2060,16570,372865,68759
2402,2070,21552,372865,89236
2402,2080,25955,372865,102795
2402,2082,25508,372865,104732
2402,2084,28089,372865,112719
2402,2100,45397,372865,134303
2402,2102,82290,372865,182244
2402,2104,85236,372865,187582
2402,2200,114509,372865,216806
2402,2202,129155,372865,232675
2402,2300,168340,372865,315511
2402,2302,175392,372865,320056
2402,2304,185593,372865,328047
2402,2306,223108,372865,341987
2402,2400,303590,372865,380740
2500,2008,681,435891,12647
2500,2010,972,435891,13961
2500,2025,1446,435891,16375
2500,2026,1512,435891,16734
2500,2027,2089,435891,17410
2500,2030,2528,435891,19556
2500,2032,4274,435891,27567
2500,2040,8984,435891,44472
2500,2042,9202,435891,45577
2500,2060,15700,435891,68759
2500,2070,20370,435891,89236
2500,2080,24197,435891,102795
2500,2082,23499,435891,104732
2500,2084,26080,435891,112719
2500,2100,42347,435891,134303
2500,2102,78902,435891,182244
2500,2104,81311,435891,187582
2500,2200,107219,435891,216806
2500,2202,119747,435891,232675
2500,2300,160949,435891,315511
2500,2302,166766,435891,320056
2500,2304,175824,435891,328047
2500,2306,209155,435891,341987
2500,2400,268966,435891,380740
2500,2402,275152,435891,372865
2502,2008,669,497537,12647
2502,2010,953,497537,13961
2502,2025,1409,497537,16375
2502,2026,1475,497537,16734
2502,2027,2218,497537,17410
2502,2030,2649,497537,19556
2502,2032,4294,497537,27567
2502,2040,8976,497537,44472
2502,2042,9115,497537,45577
2502,2060,15620,497537,68759
2502,2070,20029,497537,89236
2502,2080,23755,497537,102795
2502,2082,23058,497537,104732
2502,2084,25615,497537,112719
2502,2100,41519,497537,134303
2502,2102,77823,497537,182244
2502,2104,80176,497537,187582
2502,2200,105243,497537,216806
2502,2202,116778,497537,232675
2502,2300,155782,497537,315511
2502,2302,161344,497537,320056
2502,2304,170221,497537,328047
2502,2306,201282,497537,341987
2502,2400,255358,497537,380740
2502,2402,260603,497537,372865
2502,2500,362612,497537,435891
2504,2008,665,500481,12647
2504,2010,956,500481,13961
2504,2025,1388,500481,16375
2504,2026,1454,500481,16734
2504,2027,2029,500481,17410
2504,2030,2436,500481,19556
2504,2032,4079,500481,27567
2504,2040,8713,500481,44472
2504,2042,8858,500481,45577
2504,2060,15335,500481,68759
2504,2070,19737,500481,89236
2504,2080,23449,500481,102795
2504,2082,22747,500481,104732
2504,2084,25304,500481,112719
2504,2100,40955,500481,134303
2504,2102,77242,500481,182244
2504,2104,79633,500481,187582
2504,2200,104255,500481,216806
2504,2202,115691,500481,232675
2504,2300,154416,500481,315511
2504,2302,159830,500481,320056
2504,2304,168705,500481,328047
2504,2306,199303,500481,341987
2504,2400,252681,500481,380740
2504,2402,257874,500481,372865
2504,2500,358618,500481,435891
2504,2502,444273,500481,497537
3006,2008,665,500481,12647
3006,2010,956,500481,13961
3006,2025,1388,500481,16375
3006,2026,1454,500481,16734
3006,2027,2029,500481,17410
3006,2030,2436,500481,19556
3006,2032,4079,500481,27567
3006,2040,8713,500481,44472
3006,2042,8858,500481,45577
3006,2060,15335,500481,68759
3006,2070,19737,500481,89236
3006,2080,23449,500481,102795
3006,2082,22747,500481,104732
3006,2084,25304,500481,112719
3006,2100,40955,500481,134303
3006,2102,77242,500481,182244
3006,2104,79633,500481,187582
3006,2200,104255,500481,216806
3006,2202,115691,500481,232675
3006,2300,154416,500481,315511
3006,2302,159830,500481,320056
3006,2304,168705,500481,328047
3006,2306,199303,500481,341987
3006,2400,252681,500481,380740
3006,2402,257874,500481,372865
3006,2500,358618,500481,435891
3006,2502,444273,500481,497537
3006,2504,456384,500481,500481
3008,2008,665,497649,12647
3008,2010,956,497649,13961
3008,2025,1315,497649,16375
3008,2026,1381,497649,16734
3008,2027,1948,497649,17410
3008,2030,2355,497649,19556
3008,2032,3977,497649,27567
3008,2040,8221,497649,44472
3008,2042,8657,497649,45577
3008,2060,15190,497649,68759
3008,2070,19590,497649,89236
3008,2080,23172,497649,102795
3008,2082,22490,497649,104732
3008,2084,25047,497649,112719
3008,2100,39864,497649,134303
3008,2102,76011,497649,182244
3008,2104,78403,497649,187582
3008,2200,102368,497649,216806
3008,2202,113442,497649,232675
3008,2300,144525,497649,315511
3008,2302,149685,497649,320056
3008,2304,158310,497649,328047
3008,2306,185317,497649,341987
3008,2400,235533,497649,380740
3008,2402,250359,497649,372865
3008,2500,335634,497649,435891
3008,2502,410029,497649,497537
3008,2504,419770,497649,500481
3008,3006,419770,497649,500481
3010,2008,665,499890,12647
3010,2010,956,499890,13961
3010,2025,1323,499890,16375
3010,2026,1389,499890,16734
3010,2027,1956,499890,17410
3010,2030,2363,499890,19556
3010,2032,3985,499890,27567
3010,2040,8228,499890,44472
3010,2042,8656,499890,45577
3010,2060,15189,499890,68759
3010,2070,19589,499890,89236
3010,2080,23148,499890,102795
3010,2082,22448,499890,104732
3010,2084,25005,499890,112719
3010,2100,39784,499890,134303
3010,2102,75893,499890,182244
3010,2104,78285,499890,187582
3010,2200,102098,499890,216806
3010,2202,113174,499890,232675
3010,2300,144051,499890,315511
3010,2302,149145,499890,320056
3010,2304,157768,499890,328047
3010,2306,184749,499890,341987
3010,2400,234061,499890,380740
3010,2402,248692,499890,372865
3010,2500,333027,499890,435891
3010,2502,406247,499890,497537
3010,2504,415779,499890,500481
3010,3006,415779,499890,500481
3010,3008,448344,499890,497649
3012,2008,665,500414,12647
3012,2010,956,500414,13961
3012,2025,1323,500414,16375
3012,2026,1389,500414,16734
3012,2027,1956,500414,17410
3012,2030,2363,500414,19556
3012,2032,3985,500414,27567
3012,2040,8228,500414,44472
3012,2042,8656,500414,45577
3012,2060,15189,500414,68759
3012,2070,19589,500414,89236
3012,2080,23148,500414,102795
3012,2082,22448,500414,104732
3012,2084,25005,500414,112719
3012,2100,39784,500414,134303
3012,2102,75893,500414,182244
3012,2104,78283,500414,187582
3012,2200,102105,500414,216806
3012,2202,113181,500414,232675
3012,2300,144044,500414,315511
3012,2302,149138,500414,320056
3012,2304,157761,500414,328047
3012,2306,184734,500414,341987
3012,2400,234046,500414,380740
3012,2402,248669,500414,372865
3012,2500,332762,500414,435891
3012,2502,405687,500414,497537
3012,2504,415188,500414,500481
3012,3006,415188,500414,500481
3012,3008,447756,500414,497649
3012,3010,455240,500414,499890
3014,2008,556,512364,12647
3014,2010,837,512364,13961
3014,2025,1212,512364,16375
3014,2026,1278,512364,16734
3014,2027,1845,512364,17410
3014,2030,2252,512364,19556
3014,2032,3860,512364,27567
3014,2040,8010,512364,44472
3014,2042,8438,512364,45577
3014,2060,14922,512364,68759
3014,2070,19318,512364,89236
3014,2080,22843,512364,102795
3014,2082,22143,512364,104732
3014,2084,24700,512364,112719
3014,2100,39246,512364,134303
3014,2102,75188,512364,182244
3014,2104,77498,512364,187582
3014,2200,100906,512364,216806
3014,2202,111824,512364,232675
3014,2300,142359,512364,315511
3014,2302,147459,512364,320056
3014,2304,155853,512364,328047
3014,2306,182413,512364,341987
3014,2400,231052,512364,380740
3014,2402,245242,512364,372865
3014,2500,327720,512364,435891
3014,2502,399241,512364,497537
3014,2504,408337,512364,500481
3014,3006,408337,512364,500481
3014,3008,440395,512364,497649
3014,3010,447169,512364,499890
3014,3012,448235,512364,500414
3016,2008,532,515187,12647
3016,2010,814,515187,13961
3016,2025,1159,515187,16375
3016,2026,1225,515187,16734
3016,2027,1792,515187,17410
3016,2030,2199,515187,19556
3016,2032,3808,515187,27567
3016,2040,7915,515187,44472
3016,2042,8342,515187,45577
3016,2060,14811,515187,68759
3016,2070,19217,515187,89236
3016,2080,22717,515187,102795
3016,2082,21901,515187,104732
3016,2084,24458,515187,112719
3016,2100,38870,515187,134303
3016,2102,74709,515187,182244
3016,2104,76915,515187,187582
3016,2200,100154,515187,216806
3016,2202,110956,515187,232675
3016,2300,141157,515187,315511
3016,2302,146232,515187,320056
3016,2304,154594,515187,328047
3016,2306,180830,515187,341987
3016,2400,228929,515187,380740
3016,2402,242915,515187,372865
3016,2500,323785,515187,435891
3016,2502,388541,515187,497537
3016,2504,397373,515187,500481
3016,3006,397373,515187,500481
3016,3008,428711,515187,497649
3016,3010,435137,515187,499890
3016,3012,436067,515187,500414
3016,3014,452965,515187,512364
3020,2008,532,531669,12647
3020,2010,789,531669,13961
3020,2025,1151,531669,16375
3020,2026,1217,531669,16734
3020,2027,1784,531669,17410
3020,2030,2169,531669,19556
3020,2032,3771,531669,27567
3020,2040,7838,531669,44472
3020,2042,8249,531669,45577
3020,2060,14617,531669,68759
3020,2070,19001,531669,89236
3020,2080,22288,531669,102795
3020,2082,21463,531669,104732
3020,2084,24020,531669,112719
3020,2100,38414,531669,134303
3020,2102,74135,531669,182244
3020,2104,76291,531669,187582
3020,2200,99053,531669,216806
3020,2202,109652,531669,232675
3020,2300,139362,531669,315511
3020,2302,144330,531669,320056
3020,2304,152162,531669,328047
3020,2306,177597,531669,341987
3020,2400,224638,531669,380740
3020,2402,237918,531669,372865
3020,2500,316098,531669,435891
3020,2502,375776,531669,497537
3020,2504,383935,531669,500481
3020,3006,383935,531669,500481
3020,3008,412535,531669,497649
3020,3010,418453,531669,499890
3020,3012,419341,531669,500414
3020,3014,435491,531669,512364
3020,3016,450810,531669,515187
3022,2008,532,544524,12647
3022,2010,789,544524,13961
3022,2025,1208,544524,16375
3022,2026,1274,544524,16734
3022,2027,1841,544524,17410
3022,2030,2226,544524,19556
3022,2032,3828,544524,27567
3022,2040,8209,544524,44472
3022,2042,8332,544524,45577
3022,2060,14658,544524,68759
3022,2070,19042,544524,89236
3022,2080,22329,544524,102795
3022,2082,21469,544524,104732
3022,2084,24026,544524,112719
3022,2100,38462,544524,134303
3022,2102,74271,544524,182244
3022,2104,76427,544524,187582
3022,2200,99162,544524,216806
3022,2202,109767,544524,232675
3022,2300,146544,544524,315511
3022,2302,151627,544524,320056
3022,2304,159487,544524,328047
3022,2306,187473,544524,341987
3022,2400,234595,544524,380740
3022,2402,237663,544524,372865
3022,2500,327325,544524,435891
3022,2502,387827,544524,497537
3022,2504,395978,544524,500481
3022,3006,395978,544524,500481
3022,3008,411969,544524,497649
3022,3010,417765,544524,499890
3022,3012,418653,544524,500414
3022,3014,434698,544524,512364
3022,3016,449869,544524,515187
3022,3020,489451,544524,531669
3030,2008,532,551073,12647
3030,2010,796,551073,13961
3030,2025,1199,551073,16375
3030,2026,1265,551073,16734
3030,2027,1832,551073,17410
3030,2030,2231,551073,19556
3030,2032,3813,551073,27567
3030,2040,8135,551073,44472
3030,2042,8262,551073,45577
3030,2060,14915,551073,68759
3030,2070,19292,551073,89236
3030,2080,22581,551073,102795
3030,2082,21707,551073,104732
3030,2084,24489,551073,112719
3030,2100,38854,551073,134303
3030,2102,74543,551073,182244
3030,2104,76674,551073,187582
3030,2200,99308,551073,216806
3030,2202,109878,551073,232675
3030,2300,146372,551073,315511
3030,2302,151449,551073,320056
3030,2304,159300,551073,328047
3030,2306,186862,551073,341987
3030,2400,233475,551073,380740
3030,2402,236408,551073,372865
3030,2500,325065,551073,435891
3030,2502,384251,551073,497537
3030,2504,392095,551073,500481
3030,3006,392095,551073,500481
3030,3008,407600,551073,497649
3030,3010,413322,551073,499890
3030,3012,414210,551073,500414
3030,3014,429655,551073,512364
3030,3016,444366,551073,515187
3030,3020,481951,551073,531669
3030,3022,496952,551073,544524
3034,2008,518,551932,12647
3034,2010,782,551932,13961
3034,2025,1185,551932,16375
3034,2026,1251,551932,16734
3034,2027,1818,551932,17410
3034,2030,2217,551932,19556
3034,2032,3799,551932,27567
3034,2040,8121,551932,44472
3034,2042,8248,551932,45577
3034,2060,14883,551932,68759
3034,2070,19260,551932,89236
3034,2080,22549,551932,102795
3034,2082,21675,551932,104732
3034,2084,24457,551932,112719
3034,2100,38706,551932,134303
3034,2102,74322,551932,182244
3034,2104,76453,551932,187582
3034,2200,99061,551932,216806
3034,2202,109576,551932,232675
3034,2300,146024,551932,315511
3034,2302,151101,551932,320056
3034,2304,158950,551932,328047
3034,2306,186342,551932,341987
3034,2400,232845,551932,380740
3034,2402,235746,551932,372865
3034,2500,324237,551932,435891
3034,2502,382965,551932,497537
3034,2504,390785,551932,500481
3034,3006,390785,551932,500481
3034,3008,405883,551932,497649
3034,3010,411553,551932,499890
3034,3012,412441,551932,500414
3034,3014,427676,551932,512364
3034,3016,442363,551932,515187
3034,3020,479724,551932,531669
3034,3022,494490,551932,544524
3034,3030,509254,551932,551073
3040,2008,518,561673,12647
3040,2010,782,561673,13961
3040,2025,1171,561673,16375
3040,2026,1237,561673,16734
3040,2027,1804,561673,17410
3040,2030,2201,561673,19556
3040,2032,3783,561673,27567
3040,2040,8091,561673,44472
3040,2042,8218,561673,45577
3040,2060,14786,561673,68759
3040,2070,19165,561673,89236
3040,2080,22414,561673,102795
3040,2082,21540,561673,104732
3040,2084,24322,561673,112719
3040,2100,38618,561673,134303
3040,2102,74171,561673,182244
3040,2104,76270,561673,187582
3040,2200,98442,561673,216806
3040,2202,108628,561673,232675
3040,2300,144624,561673,315511
3040,2302,149679,561673,320056
3040,2304,157274,561673,328047
3040,2306,184369,561673,341987
3040,2400,229882,561673,380740
3040,2402,232641,561673,372865
3040,2500,319644,561673,435891
3040,2502,376113,561673,497537
3040,2504,383430,561673,500481
3040,3006,383430,561673,500481
3040,3008,397798,561673,497649
3040,3010,403359,561673,499890
3040,3012,404185,561673,500414
3040,3014,418884,561673,512364
3040,3016,432856,561673,515187
3040,3020,469617,561673,531669
3040,3022,483568,561673,544524
3040,3030,497030,561673,551073
3040,3034,500465,561673,551932
3042,2008,518,559810,12647
3042,2010,782,559810,13961
3042,2025,1171,559810,16375
3042,2026,1237,559810,16734
3042,2027,1804,559810,17410
3042,2030,2201,559810,19556
3042,2032,3767,559810,27567
3042,2040,8055,559810,44472
3042,2042,8182,559810,45577
3042,2060,14730,559810,68759
3042,2070,19002,559810,89236
3042,2080,22251,559810,102795
3042,2082,21462,559810,104732
3042,2084,24051,559810,112719
3042,2100,38052,559810,134303
3042,2102,73605,559810,182244
3042,2104,75718,559810,187582
3042,2200,97516,559810,216806
3042,2202,107702,559810,232675
3042,2300,143673,559810,315511
3042,2302,148529,559810,320056
3042,2304,156124,559810,328047
3042,2306,183191,559810,341987
3042,2400,226222,559810,380740
3042,2402,228972,559810,372865
3042,2500,314830,559810,435891
3042,2502,370692,559810,497537
3042,2504,378083,559810,500481
3042,3006,378083,559810,500481
3042,3008,392358,559810,497649
3042,3010,397717,559810,499890
3042,3012,398543,559810,500414
3042,3014,412930,559810,512364
3042,3016,426836,559810,515187
3042,3020,463213,559810,531669
3042,3022,477079,559810,544524
3042,3030,490352,559810,551073
3042,3034,493896,559810,551932
3042,3040,514972,559810,561673
3050,2008,504,583935,12647
3050,2010,767,583935,13961
3050,2025,1156,583935,16375
3050,2026,1222,583935,16734
3050,2027,1799,583935,17410
3050,2030,2196,583935,19556
3050,2032,3760,583935,27567
3050,2040,7961,583935,44472
3050,2042,8080,583935,45577
3050,2060,14487,583935,68759
3050,2070,18556,583935,89236
3050,2080,21714,583935,102795
3050,2082,20913,583935,104732
3050,2084,23502,583935,112719
3050,2100,37044,583935,134303
3050,2102,72572,583935,182244
3050,2104,74572,583935,187582
3050,2200,95803,583935,216806
3050,2202,105596,583935,232675
3050,2300,140838,583935,315511
3050,2302,145637,583935,320056
3050,2304,153184,583935,328047
3050,2306,179854,583935,341987
3050,2400,221346,583935,380740
3050,2402,223899,583935,372865
3050,2500,306319,583935,435891
3050,2502,358011,583935,497537
3050,2504,364503,583935,500481
3050,3006,364503,583935,500481
3050,3008,375389,583935,497649
3050,3010,380700,583935,499890
3050,3012,381515,583935,500414
3050,3014,394782,583935,512364
3050,3016,408008,583935,515187
3050,3020,441113,583935,531669
3050,3022,454811,583935,544524
3050,3030,466001,583935,551073
3050,3034,468798,583935,551932
3050,3040,487076,583935,561673
3050,3042,492588,583935,559810
3052,2008,504,576958,12647
3052,2010,767,576958,13961
3052,2025,1099,576958,16375
3052,2026,1165,576958,16734
3052,2027,1742,576958,17410
3052,2030,2139,576958,19556
3052,2032,3689,576958,27567
3052,2040,7580,576958,44472
3052,2042,7987,576958,45577
3052,2060,14484,576958,68759
3052,2070,18555,576958,89236
3052,2080,21711,576958,102795
3052,2082,20945,576958,104732
3052,2084,23534,576958,112719
3052,2100,37020,576958,134303
3052,2102,72178,576958,182244
3052,2104,74174,576958,187582
3052,2200,95377,576958,216806
3052,2202,105150,576958,232675
3052,2300,133195,576958,315511
3052,2302,137873,576958,320056
3052,2304,145386,576958,328047
3052,2306,169200,576958,341987
3052,2400,210566,576958,380740
3052,2402,223092,576958,372865
3052,2500,293237,576958,435891
3052,2502,343688,576958,497537
3052,2504,349988,576958,500481
3052,3006,349988,576958,500481
3052,3008,373023,576958,497649
3052,3010,378335,576958,499890
3052,3012,379150,576958,500414
3052,3014,392337,576958,512364
3052,3016,405177,576958,515187
3052,3020,438093,576958,531669
3052,3022,439408,576958,544524
3052,3030,450193,576958,551073
3052,3034,452965,576958,551932
3052,3040,470848,576958,561673
3052,3042,475834,576958,559810
3052,3050,528471,576958,583935
3100,2008,504,639049,12647
3100,2010,767,639049,13961
3100,2025,1181,639049,16375
3100,2026,1247,639049,16734
3100,2027,1824,639049,17410
3100,2030,2221,639049,19556
3100,2032,3781,639049,27567
3100,2040,7990,639049,44472
3100,2042,8121,639049,45577
3100,2060,14538,639049,68759
3100,2070,18546,639049,89236
3100,2080,21380,639049,102795
3100,2082,20557,639049,104732
3100,2084,23158,639049,112719
3100,2100,36366,639049,134303
3100,2102,71188,639049,182244
3100,2104,73202,639049,187582
3100,2200,93715,639049,216806
3100,2202,103250,639049,232675
3100,2300,137317,639049,315511
3100,2302,141941,639049,320056
3100,2304,149126,639049,328047
3100,2306,174381,639049,341987
3100,2400,214733,639049,380740
3100,2402,217020,639049,372865
3100,2500,294081,639049,435891
3100,2502,342083,639049,497537
3100,2504,348414,639049,500481
3100,3006,348414,639049,500481
3100,3008,358471,639049,497649
3100,3010,363366,639049,499890
3100,3012,364083,639049,500414
3100,3014,376617,639049,512364
3100,3016,388717,639049,515187
3100,3020,420272,639049,531669
3100,3022,433192,639049,544524
3100,3030,443587,639049,551073
3100,3034,446025,639049,551932
3100,3040,461272,639049,561673
3100,3042,465981,639049,559810
3100,3050,510226,639049,583935
3100,3052,507095,639049,576958
3110,2008,528,655761,12647
3110,2010,791,655761,13961
3110,2025,1181,655761,16375
3110,2026,1247,655761,16734
3110,2027,1824,655761,17410
3110,2030,2221,655761,19556
3110,2032,3781,655761,27567
3110,2040,7990,655761,44472
3110,2042,8121,655761,45577
3110,2060,14500,655761,68759
3110,2070,18504,655761,89236
3110,2080,21337,655761,102795
3110,2082,20514,655761,104732
3110,2084,23115,655761,112719
3110,2100,36316,655761,134303
3110,2102,66564,655761,182244
3110,2104,68578,655761,187582
3110,2200,89044,655761,216806
3110,2202,98390,655761,232675
3110,2300,132433,655761,315511
3110,2302,137051,655761,320056
3110,2304,144202,655761,328047
3110,2306,169161,655761,341987
3110,2400,209192,655761,380740
3110,2402,211477,655761,372865
3110,2500,288392,655761,435891
3110,2502,336341,655761,497537
3110,2504,342660,655761,500481
3110,3006,342660,655761,500481
3110,3008,352604,655761,497649
3110,3010,357470,655761,499890
3110,3012,358187,655761,500414
3110,3014,370585,655761,512364
3110,3016,382563,655761,515187
3110,3020,413761,655761,531669
3110,3022,426666,655761,544524
3110,3030,436974,655761,551073
3110,3034,439326,655761,551932
3110,3040,454456,655761,561673
3110,3042,459121,655761,559810
3110,3050,502851,655761,583935
3110,3052,499733,655761,576958
3110,3100,590973,655761,639049
4000,2008,533,689935,12647
4000,2010,796,689935,13961
4000,2025,1129,689935,16375
4000,2026,1195,689935,16734
4000,2027,1772,689935,17410
4000,2030,2169,689935,19556
4000,2032,3729,689935,27567
4000,2040,7601,689935,44472
4000,2042,8013,689935,45577
4000,2060,14451,689935,68759
4000,2070,18461,689935,89236
4000,2080,21251,689935,102795
4000,2082,20501,689935,104732
4000,2084,23060,689935,112719
4000,2100,35899,689935,134303
4000,2102,66045,689935,182244
4000,2104,68020,689935,187582
4000,2200,88370,689935,216806
4000,2202,97290,689935,232675
4000,2300,122916,689935,315511
4000,2302,126726,689935,320056
4000,2304,133593,689935,328047
4000,2306,154504,689935,341987
4000,2400,192651,689935,380740
4000,2402,203547,689935,372865
4000,2500,266684,689935,435891
4000,2502,310104,689935,497537
4000,2504,316046,689935,500481
4000,3006,316046,689935,500481
4000,3008,335516,689935,497649
4000,3010,340010,689935,499890
4000,3012,340643,689935,500414
4000,3014,352075,689935,512364
4000,3016,363703,689935,515187
4000,3020,393030,689935,531669
4000,3022,394201,689935,544524
4000,3030,403200,689935,551073
4000,3034,405339,689935,551932
4000,3040,419317,689935,561673
4000,3042,423078,689935,559810
4000,3050,461895,689935,583935
4000,3052,470360,689935,576958
4000,3100,535784,689935,639049
4000,3110,563091,689935,655761
4002,2008,533,702968,12647
4002,2010,796,702968,13961
4002,2025,1186,702968,16375
4002,2026,1252,702968,16734
4002,2027,1829,702968,17410
4002,2030,2226,702968,19556
4002,2032,3786,702968,27567
4002,2040,7972,702968,44472
4002,2042,8096,702968,45577
4002,2060,14492,702968,68759
4002,2070,18502,702968,89236
4002,2080,21292,702968,102795
4002,2082,20507,702968,104732
4002,2084,23066,702968,112719
4002,2100,35909,702968,134303
4002,2102,66194,702968,182244
4002,2104,68169,702968,187582
4002,2200,88491,702968,216806
4002,2202,97373,702968,232675
4002,2300,129769,702968,315511
4002,2302,133659,702968,320056
4002,2304,140540,702968,328047
4002,2306,163832,702968,341987
4002,2400,202076,702968,380740
4002,2402,203575,702968,372865
4002,2500,277342,702968,435891
4002,2502,321337,702968,497537
4002,2504,327279,702968,500481
4002,3006,327279,702968,500481
4002,3008,335426,702968,497649
4002,3010,339913,702968,499890
4002,3012,340546,702968,500414
4002,3014,351923,702968,512364
4002,3016,363531,702968,515187
4002,3020,392653,702968,531669
4002,3022,405161,702968,544524
4002,3030,414160,702968,551073
4002,3034,416299,702968,551932
4002,3040,430331,702968,561673
4002,3042,434187,702968,559810
4002,3050,472889,702968,583935
4002,3052,469572,702968,576958
4002,3100,545588,702968,639049
4002,3110,572757,702968,655761
4002,4000,653575,702968,689935
4004,2008,533,705772,12647
4004,2010,796,705772,13961
4004,2025,1186,705772,16375
4004,2026,1252,705772,16734
4004,2027,1829,705772,17410
4004,2030,2226,705772,19556
4004,2032,3810,705772,27567
4004,2040,7994,705772,44472
4004,2042,8118,705772,45577
4004,2060,14514,705772,68759
4004,2070,18524,705772,89236
4004,2080,21316,705772,102795
4004,2082,20531,705772,104732
4004,2084,23090,705772,112719
4004,2100,35795,705772,134303
4004,2102,66080,705772,182244
4004,2104,68055,705772,187582
4004,2200,88302,705772,216806
4004,2202,97208,705772,232675
4004,2300,129536,705772,315511
4004,2302,133508,705772,320056
4004,2304,140253,705772,328047
4004,2306,163505,705772,341987
4004,2400,201613,705772,380740
4004,2402,202813,705772,372865
4004,2500,276320,705772,435891
4004,2502,320225,705772,497537
4004,2504,326104,705772,500481
4004,3006,326104,705772,500481
4004,3008,334214,705772,497649
4004,3010,338701,705772,499890
4004,3012,339334,705772,500414
4004,3014,350715,705772,512364
4004,3016,362235,705772,515187
4004,3020,391488,705772,531669
4004,3022,404006,705772,544524
4004,3030,412917,705772,551073
4004,3034,415056,705772,551932
4004,3040,429011,705772,561673
4004,3042,432685,705772,559810
4004,3050,471258,705772,583935
4004,3052,467933,705772,576958
4004,3100,543341,705772,639049
4004,3110,570466,705772,655761
4004,4000,648842,705772,689935
4004,4002,669160,705772,702968
4100,2008,528,719462,12647
4100,2010,791,719462,13961
4100,2025,1181,719462,16375
4100,2026,1247,719462,16734
4100,2027,1824,719462,17410
4100,2030,2221,719462,19556
4100,2032,3805,719462,27567
4100,2040,7974,719462,44472
4100,2042,8084,719462,45577
4100,2060,14414,719462,68759
4100,2070,18438,719462,89236
4100,2080,21191,719462,102795
4100,2082,20416,719462,104732
4100,2084,22975,719462,112719
4100,2100,35470,719462,134303
4100,2102,65693,719462,182244
4100,2104,67664,719462,187582
4100,2200,87800,719462,216806
4100,2202,96612,719462,232675
4100,2300,128665,719462,315511
4100,2302,132633,719462,320056
4100,2304,139328,719462,328047
4100,2306,162256,719462,341987
4100,2400,199744,719462,380740
4100,2402,200927,719462,372865
4100,2500,273670,719462,435891
4100,2502,315798,719462,497537
4100,2504,321572,719462,500481
4100,3006,321572,719462,500481
4100,3008,329093,719462,497649
4100,3010,333520,719462,499890
4100,3012,334207,719462,500414
4100,3014,345527,719462,512364
4100,3016,356764,719462,515187
4100,3020,385449,719462,531669
4100,3022,397966,719462,544524
4100,3030,406594,719462,551073
4100,3034,408404,719462,551932
4100,3040,422179,719462,561673
4100,3042,425754,719462,559810
4100,3050,462633,719462,583935
4100,3052,458455,719462,576958
4100,3100,529742,719462,639049
4100,3110,555965,719462,655761
4100,4000,625994,719462,689935
4100,4002,645560,719462,702968
4100,4004,652843,719462,705772
4102,2008,528,719926,12647
4102,2010,791,719926,13961
4102,2025,1181,719926,16375
4102,2026,1247,719926,16734
4102,2027,1824,719926,17410
4102,2030,2221,719926,19556
4102,2032,3805,719926,27567
4102,2040,7974,719926,44472
4102,2042,8084,719926,45577
4102,2060,14414,719926,68759
4102,2070,18438,719926,89236
4102,2080,21191,719926,102795
4102,2082,20416,719926,104732
4102,2084,22975,719926,112719
4102,2100,35470,719926,134303
4102,2102,65693,719926,182244
4102,2104,67664,719926,187582
4102,2200,87768,719926,216806
4102,2202,96598,719926,232675
4102,2300,128602,719926,315511
4102,2302,132570,719926,320056
4102,2304,139265,719926,328047
4102,2306,162093,719926,341987
4102,2400,199502,719926,380740
4102,2402,200693,719926,372865
4102,2500,273376,719926,435891
4102,2502,315447,719926,497537
4102,2504,321221,719926,500481
4102,3006,321221,719926,500481
4102,3008,328752,719926,497649
4102,3010,333179,719926,499890
4102,3012,333766,719926,500414
4102,3014,345064,719926,512364
4102,3016,356287,719926,515187
4102,3020,384972,719926,531669
4102,3022,397489,719926,544524
4102,3030,406162,719926,551073
4102,3034,407972,719926,551932
4102,3040,421669,719926,561673
4102,3042,425244,719926,559810
4102,3050,462051,719926,583935
4102,3052,458021,719926,576958
4102,3100,529255,719926,639049
4102,3110,555478,719926,655761
4102,4000,625455,719926,689935
4102,4002,644911,719926,702968
4102,4004,652164,719926,705772
4102,4100,689203,719926,719462
4104,2008,528,720224,12647
4104,2010,791,720224,13961
4104,2025,1181,720224,16375
4104,2026,1247,720224,16734
4104,2027,1824,720224,17410
4104,2030,2221,720224,19556
4104,2032,3805,720224,27567
4104,2040,7974,720224,44472
4104,2042,8084,720224,45577
4104,2060,14414,720224,68759
4104,2070,18438,720224,89236
4104,2080,21191,720224,102795
4104,2082,20416,720224,104732
4104,2084,22975,720224,112719
4104,2100,35470,720224,134303
4104,2102,65693,720224,182244
4104,2104,67664,720224,187582
4104,2200,87768,720224,216806
4104,2202,96598,720224,232675
4104,2300,128602,720224,315511
4104,2302,132570,720224,320056
4104,2304,139265,720224,328047
4104,2306,162093,720224,341987
4104,2400,199502,720224,380740
4104,2402,200693,720224,372865
4104,2500,273334,720224,435891
4104,2502,315405,720224,497537
4104,2504,321179,720224,500481
4104,3006,321179,720224,500481
4104,3008,328710,720224,497649
4104,3010,333137,720224,499890
4104,3012,333724,720224,500414
4104,3014,345022,720224,512364
4104,3016,356245,720224,515187
4104,3020,384930,720224,531669
4104,3022,397435,720224,544524
4104,3030,406080,720224,551073
4104,3034,407890,720224,551932
4104,3040,421587,720224,561673
4104,3042,425162,720224,559810
4104,3050,461965,720224,583935
4104,3052,457935,720224,576958
4104,3100,529175,720224,639049
4104,3110,555398,720224,655761
4104,4000,625193,720224,689935
4104,4002,644649,720224,702968
4104,4004,651958,720224,705772
4104,4100,688919,720224,719462
4104,4102,691076,720224,719926
4200,2008,528,735789,12647
4200,2010,784,735789,13961
4200,2025,1174,735789,16375
4200,2026,1240,735789,16734
4200,2027,1817,735789,17410
4200,2030,2214,735789,19556
4200,2032,3798,735789,27567
4200,2040,7967,735789,44472
4200,2042,8077,735789,45577
4200,2060,14342,735789,68759
4200,2070,18326,735789,89236
4200,2080,21047,735789,102795
4200,2082,20272,735789,104732
4200,2084,22831,735789,112719
4200,2100,35301,735789,134303
4200,2102,65542,735789,182244
4200,2104,67499,735789,187582
4200,2200,87282,735789,216806
4200,2202,96070,735789,232675
4200,2300,128025,735789,315511
4200,2302,131987,735789,320056
4200,2304,138528,735789,328047
4200,2306,161361,735789,341987
4200,2400,198092,735789,380740
4200,2402,199192,735789,372865
4200,2500,271268,735789,435891
4200,2502,311631,735789,497537
4200,2504,316899,735789,500481
4200,3006,316899,735789,500481
4200,3008,321387,735789,497649
4200,3010,325707,735789,499890
4200,3012,326182,735789,500414
4200,3014,337162,735789,512364
4200,3016,348291,735789,515187
4200,3020,376372,735789,531669
4200,3022,388738,735789,544524
4200,3030,397020,735789,551073
4200,3034,398519,735789,551932
4200,3040,412038,735789,561673
4200,3042,415558,735789,559810
4200,3050,448246,735789,583935
4200,3052,444188,735789,576958
4200,3100,514523,735789,639049
4200,3110,540428,735789,655761
4200,4000,606647,735789,689935
4200,4002,625763,735789,702968
4200,4004,632841,735789,705772
4200,4100,666801,735789,719462
4200,4102,668501,735789,719926
4200,4104,669072,735789,720224
4202,2008,528,740168,12647
4202,2010,784,740168,13961
4202,2025,1174,740168,16375
4202,2026,1240,740168,16734
4202,2027,1817,740168,17410
4202,2030,2214,740168,19556
4202,2032,3798,740168,27567
4202,2040,7967,740168,44472
4202,2042,8077,740168,45577
4202,2060,14346,740168,68759
4202,2070,18330,740168,89236
4202,2080,21051,740168,102795
4202,2082,20276,740168,104732
4202,2084,22835,740168,112719
4202,2100,35305,740168,134303
4202,2102,65546,740168,182244
4202,2104,67503,740168,187582
4202,2200,87286,740168,216806
4202,2202,96074,740168,232675
4202,2300,128029,740168,315511
4202,2302,131991,740168,320056
4202,2304,138532,740168,328047
4202,2306,161365,740168,341987
4202,2400,198050,740168,380740
4202,2402,199150,740168,372865
4202,2500,271242,740168,435891
4202,2502,314449,740168,497537
4202,2504,319717,740168,500481
4202,3006,319717,740168,500481
4202,3008,321387,740168,497649
4202,3010,325707,740168,499890
4202,3012,326182,740168,500414
4202,3014,337162,740168,512364
4202,3016,348291,740168,515187
4202,3020,376372,740168,531669
4202,3022,388708,740168,544524
4202,3030,396990,740168,551073
4202,3034,398489,740168,551932
4202,3040,412008,740168,561673
4202,3042,415528,740168,559810
4202,3050,448216,740168,583935
4202,3052,444188,740168,576958
4202,3100,514485,740168,639049
4202,3110,540390,740168,655761
4202,4000,606593,740168,689935
4202,4002,625678,740168,702968
4202,4004,632756,740168,705772
4202,4100,666566,740168,719462
4202,4102,668390,740168,719926
4202,4104,668961,740168,720224
4202,4200,706890,740168,735789
4204,2008,528,748381,12647
4204,2010,784,748381,13961
4204,2025,1174,748381,16375
4204,2026,1240,748381,16734
4204,2027,1817,748381,17410
4204,2030,2214,748381,19556
4204,2032,3798,748381,27567
4204,2040,7940,748381,44472
4204,2042,8035,748381,45577
4204,2060,14321,748381,68759
4204,2070,18223,748381,89236
4204,2080,20910,748381,102795
4204,2082,20149,748381,104732
4204,2084,22714,748381,112719
4204,2100,35011,748381,134303
4204,2102,65245,748381,182244
4204,2104,67188,748381,187582
4204,2200,86265,748381,216806
4204,2202,94918,748381,232675
4204,2300,126569,748381,315511
4204,2302,130448,748381,320056
4204,2304,136933,748381,328047
4204,2306,159405,748381,341987
4204,2400,195479,748381,380740
4204,2402,196344,748381,372865
4204,2500,267451,748381,435891
4204,2502,309389,748381,497537
4204,2504,314648,748381,500481
4204,3006,314648,748381,500481
4204,3008,316131,748381,497649
4204,3010,320416,748381,499890
4204,3012,320891,748381,500414
4204,3014,331510,748381,512364
4204,3016,342585,748381,515187
4204,3020,369683,748381,531669
4204,3022,382028,748381,544524
4204,3030,390106,748381,551073
4204,3034,391492,748381,551932
4204,3040,404522,748381,561673
4204,3042,408007,748381,559810
4204,3050,439200,748381,583935
4204,3052,435145,748381,576958
4204,3100,504167,748381,639049
4204,3110,529741,748381,655761
4204,4000,592877,748381,689935
4204,4002,611911,748381,702968
4204,4004,618668,748381,705772
4204,4100,650671,748381,719462
4204,4102,652277,748381,719926
4204,4104,652836,748381,720224
4204,4200,688064,748381,735789
4204,4202,692098,748381,740168
4208,2008,528,763025,12647
4208,2010,784,763025,13961
4208,2025,1174,763025,16375
4208,2026,1240,763025,16734
4208,2027,1809,763025,17410
4208,2030,2206,763025,19556
4208,2032,3806,763025,27567
4208,2040,7948,763025,44472
4208,2042,8043,763025,45577
4208,2060,14341,763025,68759
4208,2070,18248,763025,89236
4208,2080,20920,763025,102795
4208,2082,20167,763025,104732
4208,2084,22732,763025,112719
4208,2100,35027,763025,134303
4208,2102,65261,763025,182244
4208,2104,67224,763025,187582
4208,2200,86378,763025,216806
4208,2202,95045,763025,232675
4208,2300,126451,763025,315511
4208,2302,130336,763025,320056
4208,2304,136807,763025,328047
4208,2306,159190,763025,341987
4208,2400,195261,763025,380740
4208,2402,195991,763025,372865
4208,2500,266607,763025,435891
4208,2502,308425,763025,497537
4208,2504,313598,763025,500481
4208,3006,313598,763025,500481
4208,3008,314882,763025,497649
4208,3010,319167,763025,499890
4208,3012,319642,763025,500414
4208,3014,330171,763025,512364
4208,3016,341216,763025,515187
4208,3020,368014,763025,531669
4208,3022,380365,763025,544524
4208,3030,388323,763025,551073
4208,3034,389709,763025,551932
4208,3040,402716,763025,561673
4208,3042,406201,763025,559810
4208,3050,437155,763025,583935
4208,3052,433078,763025,576958
4208,3100,501613,763025,639049
4208,3110,527045,763025,655761
4208,4000,588434,763025,689935
4208,4002,607335,763025,702968
4208,4004,613983,763025,705772
4208,4100,645369,763025,719462
4208,4102,646956,763025,719926
4208,4104,647515,763025,720224
4208,4200,680241,763025,735789
4208,4202,684181,763025,740168
4208,4204,709470,763025,748381
4300,2008,479,754930,12647
4300,2010,728,754930,13961
4300,2025,1124,754930,16375
4300,2026,1190,754930,16734
4300,2027,1759,754930,17410
4300,2030,2157,754930,19556
4300,2032,3718,754930,27567
4300,2040,7816,754930,44472
4300,2042,7911,754930,45577
4300,2060,14173,754930,68759
4300,2070,17942,754930,89236
4300,2080,20571,754930,102795
4300,2082,19762,754930,104732
4300,2084,22303,754930,112719
4300,2100,34389,754930,134303
4300,2102,64340,754930,182244
4300,2104,66315,754930,187582
4300,2200,84833,754930,216806
4300,2202,93470,754930,232675
4300,2300,124174,754930,315511
4300,2302,127746,754930,320056
4300,2304,133878,754930,328047
4300,2306,155589,754930,341987
4300,2400,190721,754930,380740
4300,2402,191216,754930,372865
4300,2500,260356,754930,435891
4300,2502,299310,754930,497537
4300,2504,304275,754930,500481
4300,3006,304275,754930,500481
4300,3008,304682,754930,497649
4300,3010,308812,754930,499890
4300,3012,309234,754930,500414
4300,3014,319478,754930,512364
4300,3016,329379,754930,515187
4300,3020,354644,754930,531669
4300,3022,366983,754930,544524
4300,3030,374346,754930,551073
4300,3034,375617,754930,551932
4300,3040,387860,754930,561673
4300,3042,391216,754930,559810
4300,3050,418049,754930,583935
4300,3052,413589,754930,576958
4300,3100,470949,754930,639049
4300,3110,493813,754930,655761
4300,4000,546741,754930,689935
4300,4002,565279,754930,702968
4300,4004,570577,754930,705772
4300,4100,595827,754930,719462
4300,4102,597197,754930,719926
4300,4104,597506,754930,720224
4300,4200,627707,754930,735789
4300,4202,631445,754930,740168
4300,4204,652822,754930,748381
4300,4208,671284,754930,763025
4302,2008,479,755156,12647
4302,2010,728,755156,13961
4302,2025,1124,755156,16375
4302,2026,1190,755156,16734
4302,2027,1759,755156,17410
4302,2030,2157,755156,19556
4302,2032,3718,755156,27567
4302,2040,7816,755156,44472
4302,2042,7911,755156,45577
4302,2060,14173,755156,68759
4302,2070,17942,755156,89236
4302,2080,20571,755156,102795
4302,2082,19762,755156,104732
4302,2084,22303,755156,112719
4302,2100,34389,755156,134303
4302,2102,64340,755156,182244
4302,2104,66315,755156,187582
4302,2200,84833,755156,216806
4302,2202,93470,755156,232675
4302,2300,124168,755156,315511
4302,2302,127740,755156,320056
4302,2304,133868,755156,328047
4302,2306,155547,755156,341987
4302,2400,190671,755156,380740
4302,2402,191172,755156,372865
4302,2500,260165,755156,435891
4302,2502,298816,755156,497537
4302,2504,303756,755156,500481
4302,3006,303756,755156,500481
4302,3008,304104,755156,497649
4302,3010,308234,755156,499890
4302,3012,308655,755156,500414
4302,3014,318827,755156,512364
4302,3016,328690,755156,515187
4302,3020,353768,755156,531669
4302,3022,366107,755156,544524
4302,3030,373477,755156,551073
4302,3034,374719,755156,551932
4302,3040,386904,755156,561673
4302,3042,390251,755156,559810
4302,3050,417021,755156,583935
4302,3052,412561,755156,576958
4302,3100,469849,755156,639049
4302,3110,492713,755156,655761
4302,4000,544939,755156,689935
4302,4002,563440,755156,702968
4302,4004,568732,755156,705772
4302,4100,593814,755156,719462
4302,4102,595184,755156,719926
4302,4104,595493,755156,720224
4302,4200,625503,755156,735789
4302,4202,629241,755156,740168
4302,4204,650538,755156,748381
4302,4208,669070,755156,763025
4302,4300,724313,755156,754930
4304,2008,479,755338,12647
4304,2010,728,755338,13961
4304,2025,1124,755338,16375
4304,2026,1190,755338,16734
4304,2027,1759,755338,17410
4304,2030,2157,755338,19556
4304,2032,3718,755338,27567
4304,2040,7816,755338,44472
4304,2042,7911,755338,45577
4304,2060,14173,755338,68759
4304,2070,17942,755338,89236
4304,2080,20571,755338,102795
4304,2082,19762,755338,104732
4304,2084,22303,755338,112719
4304,2100,34389,755338,134303
4304,2102,64340,755338,182244
4304,2104,66315,755338,187582
4304,2200,84833,755338,216806
4304,2202,93470,755338,232675
4304,2300,124168,755338,315511
4304,2302,127740,755338,320056
4304,2304,133868,755338,328047
4304,2306,155547,755338,341987
4304,2400,190637,755338,380740
4304,2402,191130,755338,372865
4304,2500,260077,755338,435891
4304,2502,298728,755338,497537
4304,2504,303668,755338,500481
4304,3006,303668,755338,500481
4304,3008,304020,755338,497649
4304,3010,308150,755338,499890
4304,3012,308571,755338,500414
4304,3014,318733,755338,512364
4304,3016,328596,755338,515187
4304,3020,353674,755338,531669
4304,3022,366013,755338,544524
4304,3030,373369,755338,551073
4304,3034,374611,755338,551932
4304,3040,386584,755338,561673
4304,3042,389931,755338,559810
4304,3050,416663,755338,583935
4304,3052,412203,755338,576958
4304,3100,469491,755338,639049
4304,3110,492355,755338,655761
4304,4000,544535,755338,689935
4304,4002,563036,755338,702968
4304,4004,568292,755338,705772
4304,4100,593358,755338,719462
4304,4102,594722,755338,719926
4304,4104,595031,755338,720224
4304,4200,625025,755338,735789
4304,4202,628763,755338,740168
4304,4204,650064,755338,748381
4304,4208,668596,755338,763025
4304,4300,723839,755338,754930
4304,4302,726690,755338,755156
4306,2008,479,753022,12647
4306,2010,728,753022,13961
4306,2025,1124,753022,16375
4306,2026,1190,753022,16734
4306,2027,1759,753022,17410
4306,2030,2157,753022,19556
4306,2032,3718,753022,27567
4306,2040,7816,753022,44472
4306,2042,7926,753022,45577
4306,2060,14188,753022,68759
4306,2070,17927,753022,89236
4306,2080,20556,753022,102795
4306,2082,19762,753022,104732
4306,2084,22303,753022,112719
4306,2100,34327,753022,134303
4306,2102,64278,753022,182244
4306,2104,66253,753022,187582
4306,2200,84793,753022,216806
4306,2202,93435,753022,232675
4306,2300,123950,753022,315511
4306,2302,127522,753022,320056
4306,2304,133633,753022,328047
4306,2306,155319,753022,341987
4306,2400,190151,753022,380740
4306,2402,190624,753022,372865
4306,2500,259318,753022,435891
4306,2502,295210,753022,497537
4306,2504,300072,753022,500481
4306,3006,300072,753022,500481
4306,3008,302818,753022,497649
4306,3010,306908,753022,499890
4306,3012,307329,753022,500414
4306,3014,317498,753022,512364
4306,3016,327311,753022,515187
4306,3020,352327,753022,531669
4306,3022,364666,753022,544524
4306,3030,372022,753022,551073
4306,3034,373264,753022,551932
4306,3040,385247,753022,561673
4306,3042,388594,753022,559810
4306,3050,415171,753022,583935
4306,3052,410695,753022,576958
4306,3100,467326,753022,639049
4306,3110,490186,753022,655761
4306,4000,541797,753022,689935
4306,4002,560298,753022,702968
4306,4004,565512,753022,705772
4306,4100,590358,753022,719462
4306,4102,591654,753022,719926
4306,4104,591963,753022,720224
4306,4200,621877,753022,735789
4306,4202,622501,753022,740168
4306,4204,643162,753022,748381
4306,4208,661600,753022,763025
4306,4300,715272,753022,754930
4306,4302,717822,753022,755156
4306,4304,718558,753022,755338
4310,2008,479,766961,12647
4310,2010,728,766961,13961
4310,2025,1124,766961,16375
4310,2026,1190,766961,16734
4310,2027,1759,766961,17410
4310,2030,2157,766961,19556
4310,2032,3690,766961,27567
4310,2040,7788,766961,44472
4310,2042,7898,766961,45577
4310,2060,14159,766961,68759
4310,2070,17846,766961,89236
4310,2080,20479,766961,102795
4310,2082,19709,766961,104732
4310,2084,22201,766961,112719
4310,2100,34132,766961,134303
4310,2102,64063,766961,182244
4310,2104,66018,766961,187582
4310,2200,84451,766961,216806
4310,2202,93020,766961,232675
4310,2300,123400,766961,315511
4310,2302,126980,766961,320056
4310,2304,133089,766961,328047
4310,2306,154740,766961,341987
4310,2400,189139,766961,380740
4310,2402,189613,766961,372865
4310,2500,257572,766961,435891
4310,2502,293048,766961,497537
4310,2504,297683,766961,500481
4310,3006,297683,766961,500481
4310,3008,300130,766961,497649
4310,3010,304067,766961,499890
4310,3012,304448,766961,500414
4310,3014,314435,766961,512364
4310,3016,323869,766961,515187
4310,3020,348626,766961,531669
4310,3022,360965,766961,544524
4310,3030,368166,766961,551073
4310,3034,369380,766961,551932
4310,3040,381211,766961,561673
4310,3042,384534,766961,559810
4310,3050,410694,766961,583935
4310,3052,406348,766961,576958
4310,3100,462639,766961,639049
4310,3110,485356,766961,655761
4310,4000,535620,766961,689935
4310,4002,554119,766961,702968
4310,4004,559207,766961,705772
4310,4100,584053,766961,719462
4310,4102,585297,766961,719926
4310,4104,585567,766961,720224
4310,4200,614922,766961,735789
4310,4202,615503,766961,740168
4310,4204,635200,766961,748381
4310,4208,653388,766961,763025
4310,4300,704780,766961,754930
4310,4302,707277,766961,755156
4310,4304,707977,766961,755338
4310,4306,714292,766961,753022
4312,2008,479,767813,12647
4312,2010,728,767813,13961
4312,2025,1124,767813,16375
4312,2026,1190,767813,16734
4312,2027,1759,767813,17410
4312,2030,2157,767813,19556
4312,2032,3690,767813,27567
4312,2040,7788,767813,44472
4312,2042,7898,767813,45577
4312,2060,14159,767813,68759
4312,2070,17846,767813,89236
4312,2080,20479,767813,102795
4312,2082,19709,767813,104732
4312,2084,22201,767813,112719
4312,2100,34132,767813,134303
4312,2102,64033,767813,182244
4312,2104,65988,767813,187582
4312,2200,84377,767813,216806
4312,2202,92946,767813,232675
4312,2300,123312,767813,315511
4312,2302,126892,767813,320056
4312,2304,133001,767813,328047
4312,2306,154652,767813,341987
4312,2400,189051,767813,380740
4312,2402,189507,767813,372865
4312,2500,257332,767813,435891
4312,2502,292772,767813,497537
4312,2504,297407,767813,500481
4312,3006,297407,767813,500481
4312,3008,299854,767813,497649
4312,3010,303791,767813,499890
4312,3012,304172,767813,500414
4312,3014,314151,767813,512364
4312,3016,323585,767813,515187
4312,3020,348341,767813,531669
4312,3022,360680,767813,544524
4312,3030,367883,767813,551073
4312,3034,369077,767813,551932
4312,3040,380908,767813,561673
4312,3042,384231,767813,559810
4312,3050,410329,767813,583935
4312,3052,405983,767813,576958
4312,3100,462267,767813,639049
4312,3110,484956,767813,655761
4312,4000,535229,767813,689935
4312,4002,553728,767813,702968
4312,4004,558816,767813,705772
4312,4100,583662,767813,719462
4312,4102,584906,767813,719926
4312,4104,585176,767813,720224
4312,4200,614186,767813,735789
4312,4202,614767,767813,740168
4312,4204,634438,767813,748381
4312,4208,652572,767813,763025
4312,4300,703642,767813,754930
4312,4302,706130,767813,755156
4312,4304,706816,767813,755338
4312,4306,713101,767813,753022
4312,4310,738632,767813,766961
4314,2008,479,767813,12647
4314,2010,728,767813,13961
4314,2025,1124,767813,16375
4314,2026,1190,767813,16734
4314,2027,1759,767813,17410
4314,2030,2157,767813,19556
4314,2032,3690,767813,27567
4314,2040,7788,767813,44472
4314,2042,7898,767813,45577
4314,2060,14159,767813,68759
4314,2070,17846,767813,89236
4314,2080,20479,767813,102795
4314,2082,19709,767813,104732
4314,2084,22201,767813,112719
4314,2100,34132,767813,134303
4314,2102,64033,767813,182244
4314,2104,65988,767813,187582
4314,2200,84377,767813,216806
4314,2202,92946,767813,232675
4314,2300,123312,767813,315511
4314,2302,126892,767813,320056
4314,2304,133001,767813,328047
4314,2306,154652,767813,341987
4314,2400,189051,767813,380740
4314,2402,189473,767813,372865
4314,2500,257298,767813,435891
4314,2502,292738,767813,497537
4314,2504,297373,767813,500481
4314,3006,297373,767813,500481
4314,3008,299820,767813,497649
4314,3010,303757,767813,499890
4314,3012,304138,767813,500414
4314,3014,314117,767813,512364
4314,3016,323551,767813,515187
4314,3020,348307,767813,531669
4314,3022,360646,767813,544524
4314,3030,367849,767813,551073
4314,3034,369043,767813,551932
4314,3040,380874,767813,561673
4314,3042,384197,767813,559810
4314,3050,410295,767813,583935
4314,3052,405949,767813,576958
4314,3100,462233,767813,639049
4314,3110,484922,767813,655761
4314,4000,535195,767813,689935
4314,4002,553694,767813,702968
4314,4004,558782,767813,705772
4314,4100,583628,767813,719462
4314,4102,584872,767813,719926
4314,4104,585142,767813,720224
4314,4200,614152,767813,735789
4314,4202,614733,767813,740168
4314,4204,634404,767813,748381
4314,4208,652538,767813,763025
4314,4300,703608,767813,754930
4314,4302,706096,767813,755156
4314,4304,706782,767813,755338
4314,4306,713067,767813,753022
4314,4310,738598,767813,766961
4314,4312,741090,767813,767813
4400,2008,479,773478,12647
4400,2010,728,773478,13961
4400,2025,1122,773478,16375
4400,2026,1188,773478,16734
4400,2027,1757,773478,17410
4400,2030,2155,773478,19556
4400,2032,3688,773478,27567
4400,2040,7743,773478,44472
4400,2042,7853,773478,45577
4400,2060,14006,773478,68759
4400,2070,17692,773478,89236
4400,2080,20309,773478,102795
4400,2082,19526,773478,104732
4400,2084,21975,773478,112719
4400,2100,33651,773478,134303
4400,2102,63551,773478,182244
4400,2104,65506,773478,187582
4400,2200,83728,773478,216806
4400,2202,92253,773478,232675
4400,2300,122572,773478,315511
4400,2302,126141,773478,320056
4400,2304,132250,773478,328047
4400,2306,153637,773478,341987
4400,2400,187781,773478,380740
4400,2402,188130,773478,372865
4400,2500,254862,773478,435891
4400,2502,289518,773478,497537
4400,2504,294118,773478,500481
4400,3006,294118,773478,500481
4400,3008,296251,773478,497649
4400,3010,300162,773478,499890
4400,3012,300543,773478,500414
4400,3014,310348,773478,512364
4400,3016,319596,773478,515187
4400,3020,344037,773478,531669
4400,3022,356319,773478,544524
4400,3030,363488,773478,551073
4400,3034,364658,773478,551932
4400,3040,376455,773478,561673
4400,3042,379739,773478,559810
4400,3050,404740,773478,583935
4400,3052,400337,773478,576958
4400,3100,455171,773478,639049
4400,3110,477575,773478,655761
4400,4000,523304,773478,689935
4400,4002,541551,773478,702968
4400,4004,546149,773478,705772
4400,4100,569565,773478,719462
4400,4102,570845,773478,719926
4400,4104,571043,773478,720224
4400,4200,597197,773478,735789
4400,4202,597699,773478,740168
4400,4204,616161,773478,748381
4400,4208,633203,773478,763025
4400,4300,680760,773478,754930
4400,4302,682779,773478,755156
4400,4304,683443,773478,755338
4400,4306,689296,773478,753022
4400,4310,713792,773478,766961
4400,4312,715871,773478,767813
4400,4314,715905,773478,767813
4402,2008,479,773280,12647
4402,2010,728,773280,13961
4402,2025,1122,773280,16375
4402,2026,1188,773280,16734
4402,2027,1259,773280,17410
4402,2030,1657,773280,19556
4402,2032,3190,773280,27567
4402,2040,7245,773280,44472
4402,2042,7355,773280,45577
4402,2060,12747,773280,68759
4402,2070,16432,773280,89236
4402,2080,19691,773280,102795
4402,2082,18908,773280,104732
4402,2084,21357,773280,112719
4402,2100,33043,773280,134303
4402,2102,62220,773280,182244
4402,2104,64175,773280,187582
4402,2200,82377,773280,216806
4402,2202,90876,773280,232675
4402,2300,121235,773280,315511
4402,2302,124804,773280,320056
4402,2304,130913,773280,328047
4402,2306,152300,773280,341987
4402,2400,186428,773280,380740
4402,2402,186777,773280,372865
4402,2500,253231,773280,435891
4402,2502,287144,773280,497537
4402,2504,291568,773280,500481
4402,3006,291568,773280,500481
4402,3008,293485,773280,497649
4402,3010,297396,773280,499890
4402,3012,297777,773280,500414
4402,3014,307513,773280,512364
4402,3016,316717,773280,515187
4402,3020,341117,773280,531669
4402,3022,353399,773280,544524
4402,3030,360568,773280,551073
4402,3034,361738,773280,551932
4402,3040,373448,773280,561673
4402,3042,376732,773280,559810
4402,3050,401592,773280,583935
4402,3052,397189,773280,576958
4402,3100,452013,773280,639049
4402,3110,474417,773280,655761
4402,4000,519921,773280,689935
4402,4002,538172,773280,702968
4402,4004,542768,773280,705772
4402,4100,566010,773280,719462
4402,4102,567288,773280,719926
4402,4104,567486,773280,720224
4402,4200,593582,773280,735789
4402,4202,594084,773280,740168
4402,4204,612612,773280,748381
4402,4208,629599,773280,763025
4402,4300,676922,773280,754930
4402,4302,678905,773280,755156
4402,4304,679569,773280,755338
4402,4306,685596,773280,753022
4402,4310,709747,773280,766961
4402,4312,711826,773280,767813
4402,4314,711860,773280,767813
4402,4400,743266,773280,773478
4404,2008,479,773368,12647
4404,2010,728,773368,13961
4404,2025,1122,773368,16375
4404,2026,1188,773368,16734
4404,2027,1259,773368,17410
4404,2030,1657,773368,19556
4404,2032,3190,773368,27567
4404,2040,7245,773368,44472
4404,2042,7355,773368,45577
4404,2060,12747,773368,68759
4404,2070,16432,773368,89236
4404,2080,19691,773368,102795
4404,2082,18908,773368,104732
4404,2084,21357,773368,112719
4404,2100,33043,773368,134303
4404,2102,62220,773368,182244
4404,2104,64175,773368,187582
4404,2200,82377,773368,216806
4404,2202,90876,773368,232675
4404,2300,121235,773368,315511
4404,2302,124804,773368,320056
4404,2304,130913,773368,328047
4404,2306,152300,773368,341987
4404,2400,186428,773368,380740
4404,2402,186775,773368,372865
4404,2500,253229,773368,435891
4404,2502,287142,773368,497537
4404,2504,291564,773368,500481
4404,3006,291564,773368,500481
4404,3008,293481,773368,497649
4404,3010,297392,773368,499890
4404,3012,297773,773368,500414
4404,3014,307511,773368,512364
4404,3016,316670,773368,515187
4404,3020,341070,773368,531669
4404,3022,353352,773368,544524
4404,3030,360521,773368,551073
4404,3034,361691,773368,551932
4404,3040,373357,773368,561673
4404,3042,376641,773368,559810
4404,3050,401511,773368,583935
4404,3052,397108,773368,576958
4404,3100,451932,773368,639049
4404,3110,474336,773368,655761
4404,4000,519840,773368,689935
4404,4002,538091,773368,702968
4404,4004,542687,773368,705772
4404,4100,565929,773368,719462
4404,4102,567207,773368,719926
4404,4104,567405,773368,720224
4404,4200,593501,773368,735789
4404,4202,594003,773368,740168
4404,4204,612531,773368,748381
4404,4208,629502,773368,763025
4404,4300,676823,773368,754930
4404,4302,678806,773368,755156
4404,4304,679470,773368,755338
4404,4306,685497,773368,753022
4404,4310,709624,773368,766961
4404,4312,711703,773368,767813
4404,4314,711737,773368,767813
4404,4400,742937,773368,773478
4404,4402,747041,773368,773280
4406,2008,479,773620,12647
4406,2010,728,773620,13961
4406,2025,1122,773620,16375
4406,2026,1188,773620,16734
4406,2027,1259,773620,17410
4406,2030,1657,773620,19556
4406,2032,3190,773620,27567
4406,2040,7245,773620,44472
4406,2042,7355,773620,45577
4406,2060,12747,773620,68759
4406,2070,16432,773620,89236
4406,2080,19691,773620,102795
4406,2082,18908,773620,104732
4406,2084,21357,773620,112719
4406,2100,33043,773620,134303
4406,2102,62220,773620,182244
4406,2104,64175,773620,187582
4406,2200,82377,773620,216806
4406,2202,90876,773620,232675
4406,2300,121235,773620,315511
4406,2302,124804,773620,320056
4406,2304,130913,773620,328047
4406,2306,152300,773620,341987
4406,2400,186428,773620,380740
4406,2402,186775,773620,372865
4406,2500,253229,773620,435891
4406,2502,287130,773620,497537
4406,2504,291552,773620,500481
4406,3006,291552,773620,500481
4406,3008,293459,773620,497649
4406,3010,297370,773620,499890
4406,3012,297751,773620,500414
4406,3014,307489,773620,512364
4406,3016,316646,773620,515187
4406,3020,341046,773620,531669
4406,3022,353328,773620,544524
4406,3030,360497,773620,551073
4406,3034,361667,773620,551932
4406,3040,373333,773620,561673
4406,3042,376617,773620,559810
4406,3050,401493,773620,583935
4406,3052,397090,773620,576958
4406,3100,451914,773620,639049
4406,3110,474318,773620,655761
4406,4000,519822,773620,689935
4406,4002,538073,773620,702968
4406,4004,542669,773620,705772
4406,4100,565878,773620,719462
4406,4102,567156,773620,719926
4406,4104,567354,773620,720224
4406,4200,593476,773620,735789
4406,4202,593978,773620,740168
4406,4204,612503,773620,748381
4406,4208,629444,773620,763025
4406,4300,676727,773620,754930
4406,4302,678696,773620,755156
4406,4304,679360,773620,755338
4406,4306,685383,773620,753022
4406,4310,709510,773620,766961
4406,4312,711587,773620,767813
4406,4314,711621,773620,767813
4406,4400,742626,773620,773478
4406,4402,746653,773620,773280
4406,4404,747276,773620,773368
4410,2008,456,785229,12647
4410,2010,701,785229,13961
4410,2025,1095,785229,16375
4410,2026,1161,785229,16734
4410,2027,1232,785229,17410
4410,2030,1630,785229,19556
4410,2032,2988,785229,27567
4410,2040,7043,785229,44472
4410,2042,7153,785229,45577
4410,2060,12526,785229,68759
4410,2070,16083,785229,89236
4410,2080,19291,785229,102795
4410,2082,18499,785229,104732
4410,2084,20948,785229,112719
4410,2100,32248,785229,134303
4410,2102,61405,785229,182244
4410,2104,63330,785229,187582
4410,2200,81449,785229,216806
4410,2202,89874,785229,232675
4410,2300,119884,785229,315511
4410,2302,123552,785229,320056
4410,2304,129654,785229,328047
4410,2306,150726,785229,341987
4410,2400,184019,785229,380740
4410,2402,184194,785229,372865
4410,2500,249328,785229,435891
4410,2502,282767,785229,497537
4410,2504,287098,785229,500481
4410,3006,287098,785229,500481
4410,3008,287858,785229,497649
4410,3010,291580,785229,499890
4410,3012,291984,785229,500414
4410,3014,301389,785229,512364
4410,3016,310384,785229,515187
4410,3020,333977,785229,531669
4410,3022,346185,785229,544524
4410,3030,352568,785229,551073
4410,3034,353676,785229,551932
4410,3040,364652,785229,561673
4410,3042,367812,785229,559810
4410,3050,391034,785229,583935
4410,3052,386558,785229,576958
4410,3100,439413,785229,639049
4410,3110,461532,785229,655761
4410,4000,503394,785229,689935
4410,4002,521278,785229,702968
4410,4004,525780,785229,705772
4410,4100,547573,785229,719462
4410,4102,548747,785229,719926
4410,4104,548913,785229,720224
4410,4200,572999,785229,735789
4410,4202,573495,785229,740168
4410,4204,590992,785229,748381
4410,4208,605997,785229,763025
4410,4300,648179,785229,754930
4410,4302,649981,785229,755156
4410,4304,650657,785229,755338
4410,4306,656472,785229,753022
4410,4310,679988,785229,766961
4410,4312,682116,785229,767813
4410,4314,682150,785229,767813
4410,4400,708444,785229,773478
4410,4402,711645,785229,773280
4410,4404,712022,785229,773368
4410,4406,712582,785229,773620