2010	2008	0,429983464
2025	2008	0,267693474
2025	2010	0,328487605
2026	2008	0,262414486
2026	2010	0,32226747
2026	2025	0,566130055
2027	2008	0,244036331
2027	2010	0,304230021
2027	2025	0,509812047
2027	2026	0,525392455
2030	2008	0,199701891
2030	2010	0,251394815
2030	2025	0,418858367
2030	2026	0,423587765
2030	2027	0,454742196
2032	2008	0,146516139
2032	2010	0,181323444
2032	2025	0,289950389
2032	2026	0,292070156
2032	2027	0,316873068
2032	2030	0,391019248
2040	2008	0,078327702
2040	2010	0,102835726
2040	2025	0,170805463
2040	2026	0,171780544
2040	2027	0,18596684
2040	2030	0,217295558
2040	2032	0,298560502
2042	2008	0,078816296
2042	2010	0,099768215
2042	2025	0,159107051
2042	2026	0,159843366
2042	2027	0,173908902
2042	2030	0,202938603
2042	2032	0,277288636
2042	2040	0,415229486
2060	2008	0,041422008
2060	2010	0,054049807
2060	2025	0,085617967
2060	2026	0,086486613
2060	2027	0,096624076
2060	2030	0,115031422
2060	2032	0,168915973
2060	2040	0,251556553
2060	2042	0,280594039
2070	2008	0,03105523
2070	2010	0,040243418
2070	2025	0,064368295
2070	2026	0,065141078
2070	2027	0,073251693
2070	2030	0,08505221
2070	2032	0,124440297
2070	2040	0,18757292
2070	2042	0,209089628
2070	2060	0,335371373
2080	2008	0,022279586
2080	2010	0,029377505
2080	2025	0,048972057
2080	2026	0,049703419
2080	2027	0,056403644
2080	2030	0,064347656
2080	2032	0,092388886
2080	2040	0,148621212
2080	2042	0,162247594
2080	2060	0,264068457
2080	2070	0,3298582
2082	2008	0,021298529
2082	2010	0,027499516
2082	2025	0,046586902
2082	2026	0,047313652
2082	2027	0,053462363
2082	2030	0,060979338
2082	2032	0,087476096
2082	2040	0,141001582
2082	2042	0,153996101
2082	2060	0,254416656
2082	2070	0,302637548
2082	2080	0,386600298
2084	2008	0,019941611
2084	2010	0,025765709
2084	2025	0,043751065
2084	2026	0,04444084
2084	2027	0,050227082
2084	2030	0,057342657
2084	2032	0,082452989
2084	2040	0,133786285
2084	2042	0,146175519
2084	2060	0,243026703
2084	2070	0,300794731
2084	2080	0,391232124
2084	2082	0,415238376
2100	2008	0,011922423
2100	2010	0,014238116
2100	2025	0,022120018
2100	2026	0,022689804
2100	2027	0,027347689
2100	2030	0,031470372
2100	2032	0,051442516
2100	2040	0,090969095
2100	2042	0,101478764
2100	2060	0,150668269
2100	2070	0,190163685
2100	2080	0,237998633
2100	2082	0,243704897
2100	2084	0,248581098
2102	2008	0,009082
2102	2010	0,010871283
2102	2025	0,016660038
2102	2026	0,017021982
2102	2027	0,020580604
2102	2030	0,02382557
2102	2032	0,040069396
2102	2040	0,070780183
2102	2042	0,077815478
2102	2060	0,122783393
2102	2070	0,154832769
2102	2080	0,188837317
2102	2082	0,192775702
2102	2084	0,197580714
2102	2100	0,336054362
2104	2008	0,008640107
2104	2010	0,010365034
2104	2025	0,015674873
2104	2026	0,016029092
2104	2027	0,019498322
2104	2030	0,022477768
2104	2032	0,038271152
2104	2040	0,067212804
2104	2042	0,073610712
2104	2060	0,115576517
2104	2070	0,146114053
2104	2080	0,176742648
2104	2082	0,179532968
2104	2084	0,18438167
2104	2100	0,316038337
2104	2102	0,408949073
2200	2008	0,005330068
2200	2010	0,006335395
2200	2025	0,009679176
2200	2026	0,010019697
2200	2027	0,01270622
2200	2030	0,015061643
2200	2032	0,025579749
2200	2040	0,04495212
2200	2042	0,047994725
2200	2060	0,077411447
2200	2070	0,094735363
2200	2080	0,115037187
2200	2082	0,115529113
2200	2084	0,120406646
2200	2100	0,20472275
2200	2102	0,283971933
2200	2104	0,293307418
2202	2008	0,004553199
2202	2010	0,005538526
2202	2025	0,008584622
2202	2026	0,008844909
2202	2027	0,01123618
2202	2030	0,013646221
2202	2032	0,021960329
2202	2040	0,039794766
2202	2042	0,042436353
2202	2060	0,069202545
2202	2070	0,085240952
2202	2080	0,102161147
2202	2082	0,102090354
2202	2084	0,106898209
2202	2100	0,179994441
2202	2102	0,256399442
2202	2104	0,264547646
2202	2200	0,3767434
2300	2008	0,003266719
2300	2010	0,004115676
2300	2025	0,00597193
2300	2026	0,006191214
2300	2027	0,007872739
2300	2030	0,009669708
2300	2032	0,015847708
2300	2040	0,030782009
2300	2042	0,031399548
2300	2060	0,056829833
2300	2070	0,069351966
2300	2080	0,081949578
2300	2082	0,081555195
2300	2084	0,085802022
2300	2100	0,135404856
2300	2102	0,202209923
2300	2104	0,208434623
2300	2200	0,285350646
2300	2202	0,322100528
2302	2008	0,003101866
2302	2010	0,003939919
2302	2025	0,005772357
2302	2026	0,005988895
2302	2027	0,007648178
2302	2030	0,009410739
2302	2032	0,015427633
2302	2040	0,030195211
2302	2042	0,030806847
2302	2060	0,055761738
2302	2070	0,068107855
2302	2080	0,080520089
2302	2082	0,079919866
2302	2084	0,084713766
2302	2100	0,13356839
2302	2102	0,199846705
2302	2104	0,205813986
2302	2200	0,280025407
2302	2202	0,315980106
2302	2300	0,415853875
2304	2008	0,0030115
2304	2010	0,003853711
2304	2025	0,005644239
2304	2026	0,005855891
2304	2027	0,007477052
2304	2030	0,009200151
2304	2032	0,015092207
2304	2040	0,0294589
2304	2042	0,03003822
2304	2060	0,054457342
2304	2070	0,06627876
2304	2080	0,078520664
2304	2082	0,077898881
2304	2084	0,082642491
2304	2100	0,128943441
2304	2102	0,194044183
2304	2104	0,199905358
2304	2200	0,272110092
2304	2202	0,306096426
2304	2300	0,396955675
2304	2302	0,414364692
2306	2008	0,002636521
2306	2010	0,003340376
2306	2025	0,004955883
2306	2026	0,005137698
2306	2027	0,006697329
2306	2030	0,008275641
2306	2032	0,013922187
2306	2040	0,027141301
2306	2042	0,02769091
2306	2060	0,045059477
2306	2070	0,055664934
2306	2080	0,065560207
2306	2082	0,064778977
2306	2084	0,069568029
2306	2100	0,115364589
2306	2102	0,17808943
2306	2104	0,183116837
2306	2200	0,242563883
2306	2202	0,269015526
2306	2300	0,326060307
2306	2302	0,3406531
2306	2304	0,357081879
2400	2008	0,001842969
2400	2010	0,002617171
2400	2025	0,003938406
2400	2026	0,00412354
2400	2027	0,005533091
2400	2030	0,006745009
2400	2032	0,011652996
2400	2040	0,022703969
2400	2042	0,023247959
2400	2060	0,03788885
2400	2070	0,04684069
2400	2080	0,054678565
2400	2082	0,053525229
2400	2084	0,057889308
2400	2100	0,090336147
2400	2102	0,148419849
2400	2104	0,152244678
2400	2200	0,195680333
2400	2202	0,214950727
2400	2300	0,262235889
2400	2302	0,272277524
2400	2304	0,286214335
2400	2306	0,340591952
2402	2008	0,001859864
2402	2010	0,002590312
2402	2025	0,003735485
2402	2026	0,003924548
2402	2027	0,005388508
2402	2030	0,006531251
2402	2032	0,011150458
2402	2040	0,021577286
2402	2042	0,022832316
2402	2060	0,037520606
2402	2070	0,046639155
2402	2080	0,054566287
2402	2082	0,053409046
2402	2084	0,05784581
2402	2100	0,089510774
2402	2102	0,148241156
2402	2104	0,152085746
2402	2200	0,194191337
2402	2202	0,213288965
2402	2300	0,244546585
2402	2302	0,253119764
2402	2304	0,264787876
2402	2306	0,312103764
2402	2400	0,4028503
2500	2008	0,001518266
2500	2010	0,002160711
2500	2025	0,003197233
2500	2026	0,003340514
2500	2027	0,004608417
2500	2030	0,005550591
2500	2032	0,009221979
2500	2040	0,018702523
2500	2042	0,019112381
2500	2060	0,031110671
2500	2070	0,038790616
2500	2080	0,044918561
2500	2082	0,043466519
2500	2084	0,047538324
2500	2100	0,074267705
2500	2102	0,127645255
2500	2104	0,130416233
2500	2200	0,164270711
2500	2202	0,179110215
2500	2300	0,214198259
2500	2302	0,220605413
2500	2304	0,230154803
2500	2306	0,268878924
2500	2400	0,329360507
2500	2402	0,340216332
2502	2008	0,001311292
2502	2010	0,001863155
2502	2025	0,002741715
2502	2026	0,002868138
2502	2027	0,004307239
2502	2030	0,00512287
2502	2032	0,008177428
2502	2040	0,016560611
2502	2042	0,016782849
2502	2060	0,027582748
2502	2070	0,034134154
2502	2080	0,039569771
2502	2082	0,038285218
2502	2084	0,041974188
2502	2100	0,065711256
2502	2102	0,114482458
2502	2104	0,117024926
2502	2200	0,147328384
2502	2202	0,15992342
2502	2300	0,191602464
2502	2302	0,197340241
2502	2304	0,206182533
2502	2306	0,239757291
2502	2400	0,290748818
2502	2402	0,299405332
2502	2500	0,388473455
2504	2008	0,001295973
2504	2010	0,001858324
2504	2025	0,002685468
2504	2026	0,00281121
2504	2027	0,003917813
2504	2030	0,004684282
2504	2032	0,007724677
2504	2040	0,015988535
2504	2042	0,01622172
2504	2060	0,026939428
2504	2070	0,033468596
2504	2080	0,03886944
2504	2082	0,037585115
2504	2084	0,041265492
2504	2100	0,064518009
2504	2102	0,113137793
2504	2104	0,115735042
2504	2200	0,145346284
2504	2202	0,157798613
2504	2300	0,189237149
2504	2302	0,194787072
2504	2304	0,203620155
2504	2306	0,23657041
2504	2400	0,286739649
2504	2402	0,29527129
2504	2500	0,382986676
2504	2502	0,445155298
3006	2008	0,001295973
3006	2010	0,001858324
3006	2025	0,002685468
3006	2026	0,00281121
3006	2027	0,003917813
3006	2030	0,004684282
3006	2032	0,007724677
3006	2040	0,015988535
3006	2042	0,01622172
3006	2060	0,026939428
3006	2070	0,033468596
3006	2080	0,03886944
3006	2082	0,037585115
3006	2084	0,041265492
3006	2100	0,064518009
3006	2102	0,113137793
3006	2104	0,115735042
3006	2200	0,145346284
3006	2202	0,157798613
3006	2300	0,189237149
3006	2302	0,194787072
3006	2304	0,203620155
3006	2306	0,23657041
3006	2400	0,286739649
3006	2402	0,29527129
3006	2500	0,382986676
3006	2502	0,445155298
3006	2504	0,455945381
3008	2008	0,001303165
3008	2010	0,001868611
3008	2025	0,002558246
3008	2026	0,00268477
3008	2027	0,003782091
3008	2030	0,00455332
3008	2032	0,007572123
3008	2040	0,015164511
3008	2042	0,015936277
3008	2060	0,026818124
3008	2070	0,033379623
3008	2080	0,038591442
3008	2082	0,037335175
3008	2084	0,0410359
3008	2100	0,06308074
3008	2102	0,111798474
3008	2104	0,114418349
3008	2200	0,143281242
3008	2202	0,155331059
3008	2300	0,17773255
3008	2302	0,183055014
3008	2304	0,191729159
3008	2306	0,220711118
3008	2400	0,268142019
3008	2402	0,287599051
3008	2500	0,359528247
3008	2502	0,412012428
3008	2504	0,420556441
3008	3006	0,420556441
3010	2008	0,001297467
3010	2010	0,001860461
3010	2025	0,002562637
3010	2026	0,002688609
3010	2027	0,003781171
3010	2030	0,004549077
3010	2032	0,007555118
3010	2040	0,015114942
3010	2042	0,015868971
3010	2060	0,026710677
3010	2070	0,033250951
3010	2080	0,038408124
3010	2082	0,037127329
3010	2084	0,040817226
3010	2100	0,062731692
3010	2102	0,111258199
3010	2104	0,113873729
3010	2200	0,142456495
3010	2202	0,154490045
3010	2300	0,176662771
3010	2302	0,181896125
3010	2304	0,190555562
3010	2306	0,219448922
3010	2400	0,265788129
3010	2402	0,28495053
3010	2500	0,355881344
3010	2502	0,40729497
3010	2504	0,415624803
3010	3006	0,415624803
3010	3008	0,449450097
3012	2008	0,001296142
3012	2010	0,001858566
3012	2025	0,002560039
3012	2026	0,002685885
3012	2027	0,003777345
3012	2030	0,004544493
3012	2032	0,00754762
3012	2040	0,015100406
3012	2042	0,015853741
3012	2060	0,026686087
3012	2070	0,033221403
3012	2080	0,038374759
3012	2082	0,03709518
3012	2084	0,040782342
3012	2100	0,062679903
3012	2102	0,111172798
3012	2104	0,113784092
3012	2200	0,142362176
3012	2202	0,154389167
3012	2300	0,176540736
3012	2302	0,181771424
3012	2304	0,190426586
3012	2306	0,219294611
3012	2400	0,265613048
3012	2402	0,284753212
3012	2500	0,355399149
3012	2502	0,406519959
3012	2504	0,414816739
3012	3006	0,414816739
3012	3008	0,448624987
3012	3010	0,455101649
3014	2008	0,001059025
3014	2010	0,001590272
3014	2025	0,002292246
3014	2026	0,002415432
3014	2027	0,003482617
3014	2030	0,004233719
3014	2032	0,007149062
3014	2040	0,014384846
3014	2042	0,015123463
3014	2060	0,025677869
3014	2070	0,032111037
3014	2080	0,037133489
3014	2082	0,035882586
3014	2084	0,039514752
3014	2100	0,060689659
3014	2102	0,108245226
3014	2104	0,11071997
3014	2200	0,138384739
3014	2202	0,150091472
3014	2300	0,171957119
3014	2302	0,177144951
3014	2304	0,185448548
3014	2306	0,213510606
3014	2400	0,258706713
3014	2402	0,277037919
3014	2500	0,34560324
3014	2502	0,395326869
3014	2504	0,40315843
3014	3006	0,40315843
3014	3008	0,436029041
3014	3010	0,441755725
3014	3012	0,442579716
3016	2008	0,001007893
3016	2010	0,001538322
3016	2025	0,002180367
3016	2026	0,002302974
3016	2027	0,003364645
3016	2030	0,004112256
3016	2032	0,00701607
3016	2040	0,01414254
3016	2042	0,014876133
3016	2060	0,025363647
3016	2070	0,031793959
3016	2080	0,03675997
3016	2082	0,035328809
3016	2084	0,03895169
3016	2100	0,059846957
3016	2102	0,107120274
3016	2104	0,109445636
3016	2200	0,136823713
3016	2202	0,14836427
3016	2300	0,169925773
3016	2302	0,175077193
3016	2304	0,183334638
3016	2306	0,210960668
3016	2400	0,255521934
3016	2402	0,27353691
3016	2500	0,340440006
3016	2502	0,383659319
3016	2504	0,391243005
3016	3006	0,391243005
3016	3008	0,423277806
3016	3010	0,428673884
3016	3012	0,429368423
3016	3014	0,440819969
3020	2008	0,000977373
3020	2010	0,001446035
3020	2025	0,002100196
3020	2026	0,002219171
3020	2027	0,003249077
3020	2030	0,003934872
3020	2032	0,006743128
3020	2040	0,013604309
3020	2042	0,014290268
3020	2060	0,024344301
3020	2070	0,030602105
3020	2080	0,035128865
3020	2082	0,033725591
3020	2084	0,037275679
3020	2100	0,057681104
3020	2102	0,103843185
3020	2104	0,106070065
3020	2200	0,132339758
3020	2202	0,143458966
3020	2300	0,164501051
3020	2302	0,169456104
3020	2304	0,176991006
3020	2306	0,203280238
3020	2400	0,246203183
3020	2402	0,263028255
3020	2500	0,326696019
3020	2502	0,365112524
3020	2504	0,371975972
3020	3006	0,371975972
3020	3008	0,400784791
3020	3010	0,405651058
3020	3012	0,406305501
3020	3014	0,417123788
3020	3016	0,430632293
3022	2008	0,000954824
3022	2010	0,001412751
3022	2025	0,002153685
3022	2026	0,002269901
3022	2027	0,003276185
3022	2030	0,003946249
3022	2032	0,006691243
3022	2040	0,013937276
3022	2042	0,014119617
3022	2060	0,023900874
3022	2070	0,030046074
3022	2080	0,034494585
3022	2082	0,03306708
3022	2084	0,036555734
3022	2100	0,056659502
3022	2102	0,102193547
3022	2104	0,104393353
3022	2200	0,130248381
3022	2202	0,141234098
3022	2300	0,170393065
3022	2302	0,175376483
3022	2304	0,18277825
3022	2306	0,211472841
3022	2400	0,253543853
3022	2402	0,259064584
3022	2500	0,333863721
3022	2502	0,37217303
3022	2504	0,378924503
3022	3006	0,378924503
3022	3008	0,395298094
3022	3010	0,399999426
3022	3012	0,400648651
3022	3014	0,411299967
3022	3016	0,424520459
3022	3020	0,454798535
3030	2008	0,000943731
3030	2010	0,001408765
3030	2025	0,002112969
3030	2026	0,00222787
3030	2027	0,003222612
3030	2030	0,003909721
3030	2032	0,006589589
3030	2040	0,013659757
3030	2042	0,013847314
3030	2060	0,024062972
3030	2070	0,030129203
3030	2080	0,034534493
3030	2082	0,033099778
3030	2084	0,036892581
3030	2100	0,05669005
3030	2102	0,10165181
3030	2104	0,103802181
3030	2200	0,129327668
3030	2202	0,140195573
3030	2300	0,16890688
3030	2302	0,1738537
3030	2304	0,181203931
3030	2306	0,209237901
3030	2400	0,25055993
3030	2402	0,255869983
3030	2500	0,329358518
3030	2502	0,366438428
3030	2504	0,372871959
3030	3006	0,372871959
3030	3008	0,388663535
3030	3010	0,393279307
3030	3012	0,393927837
3030	3014	0,404024874
3030	3016	0,416752012
3030	3020	0,445120814
3030	3022	0,453590143
3034	2008	0,000917498
3034	2010	0,001381887
3034	2025	0,002085141
3034	2026	0,002199885
3034	2027	0,00319316
3034	2030	0,003879347
3034	2032	0,006555663
3034	2040	0,013616609
3034	2042	0,013803976
3034	2060	0,023978115
3034	2070	0,030038929
3034	2080	0,034440309
3034	2082	0,033007748
3034	2084	0,036796755
3034	2100	0,056403419
3034	2102	0,101231857
3034	2104	0,103382762
3034	2200	0,128861849
3034	2202	0,139657179
3034	2300	0,168338438
3034	2302	0,173283348
3034	2304	0,18062931
3034	2306	0,208455128
3034	2400	0,249653683
3034	2402	0,254916484
3034	2500	0,328233904
3034	2502	0,364913113
3034	2504	0,371322855
3034	3006	0,371322855
3034	3008	0,386709554
3034	3010	0,391276281
3034	3012	0,391925279
3034	3014	0,401839338
3034	3016	0,414539522
3034	3020	0,44271277
3034	3022	0,450989369
3034	3030	0,46169691
3040	2008	0,000901936
3040	2010	0,001358502
3040	2025	0,002025783
3040	2026	0,002138632
3040	2027	0,00311527
3040	2030	0,003786803
3040	2032	0,006420134
3040	2040	0,013348291
3040	2042	0,013533141
3040	2060	0,023453759
3040	2070	0,02944344
3040	2080	0,033732249
3040	2082	0,032322687
3040	2084	0,036065078
3040	2100	0,055487546
3040	2102	0,099703327
3040	2104	0,101794449
3040	2200	0,126454278
3040	2202	0,136751147
3040	2300	0,164873048
3040	2302	0,16975624
3040	2304	0,176767972
3040	2306	0,204024744
3040	2400	0,243929148
3040	2402	0,248936908
3040	2500	0,320424554
3040	2502	0,355088226
3040	2504	0,36099285
3040	3006	0,36099285
3040	3008	0,375521324
3040	3010	0,379967086
3040	3012	0,380557337
3040	3014	0,39000891
3040	3016	0,401961258
3040	3020	0,429524339
3040	3022	0,437144559
3040	3030	0,44666977
3040	3034	0,4494098
3042	2008	0,000904871
3042	2010	0,001362913
3042	2025	0,002032333
3042	2026	0,002145543
3042	2027	0,003125325
3042	2030	0,00379898
3042	2032	0,006413258
3042	2040	0,013329869
3042	2042	0,013515322
3042	2060	0,023434181
3042	2070	0,029276816
3042	2080	0,033581093
3042	2082	0,032295927
3042	2084	0,035762027
3042	2100	0,054821045
3042	2102	0,099190894
3042	2104	0,101309621
3042	2200	0,125565273
3042	2202	0,13590415
3042	2300	0,164137499
3042	2302	0,16880866
3042	2304	0,175843632
3042	2306	0,203139953
3042	2400	0,240520972
3042	2402	0,245500308
3042	2500	0,316189298
3042	2502	0,350586893
3042	2504	0,356584183
3042	3006	0,356584183
3042	3008	0,371038499
3042	3010	0,375310937
3042	3012	0,375904526
3042	3014	0,385133383
3042	3016	0,397057852
3042	3020	0,424390208
3042	3022	0,432006078
3042	3030	0,441407421
3042	3034	0,444254152
3042	3040	0,459188414
3050	2008	0,000844813
3050	2010	0,001282832
3050	2025	0,001925672
3050	2026	0,002034398
3050	2027	0,002991627
3050	2030	0,003638828
3050	2032	0,006148794
3050	2040	0,012668541
3050	2042	0,012835339
3050	2060	0,0221957
3050	2070	0,027565061
3050	2080	0,031619414
3050	2082	0,030367362
3050	2084	0,033735542
3050	2100	0,051576218
3050	2102	0,09471938
3050	2104	0,096656328
3050	2200	0,119642931
3050	2202	0,129310197
3050	2300	0,156583052
3050	2302	0,16110448
3050	2304	0,167968227
3050	2306	0,194243144
3050	2400	0,22945137
3050	2402	0,234008152
3050	2500	0,300363984
3050	2502	0,331040471
3050	2504	0,336128386
3050	3006	0,336128386
3050	3008	0,347073366
3050	3010	0,351255968
3050	3012	0,351837831
3050	3014	0,360104315
3050	3016	0,371212659
3050	3020	0,395402849
3050	3022	0,403037239
3050	3030	0,410570674
3050	3034	0,412722616
3050	3040	0,42516812
3050	3042	0,430679916
3052	2008	0,00085481
3052	2010	0,001297978
3052	2025	0,001852248
3052	2026	0,001962297
3052	2027	0,002930844
3052	2030	0,003585834
3052	2032	0,006102312
3052	2040	0,012197673
3052	2042	0,012829801
3052	2060	0,022430879
3052	2070	0,027852247
3052	2080	0,031939543
3052	2082	0,03072511
3052	2084	0,03412322
3052	2100	0,052048404
3052	2102	0,095070877
3052	2104	0,097017815
3052	2200	0,120157881
3052	2202	0,129873659
3052	2300	0,149243279
3052	2302	0,153702172
3052	2304	0,160646626
3052	2306	0,184124186
3052	2400	0,219866806
3052	2402	0,234877446
3052	2500	0,289516996
3052	2502	0,319860027
3052	2504	0,324833239
3052	3006	0,324833239
3052	3008	0,347125042
3052	3010	0,351335565
3052	3012	0,351921156
3052	3014	0,360166232
3052	3016	0,370991947
3052	3020	0,395167175
3052	3022	0,391810123
3052	3030	0,399096301
3052	3034	0,401248129
3052	3040	0,41352115
3052	3042	0,418584971
3052	3050	0,455228001
3100	2008	0,000773367
3100	2010	0,001174561
3100	2025	0,001801887
3100	2026	0,001901544
3100	2027	0,002778544
3100	2030	0,003372279
3100	2032	0,005671931
3100	2040	0,011689473
3100	2042	0,011861951
3100	2060	0,020539468
3100	2070	0,025465305
3100	2080	0,028820075
3100	2082	0,027638512
3100	2084	0,030804716
3100	2100	0,047023865
3100	2102	0,086677958
3100	2104	0,088554627
3100	2200	0,109498688
3100	2202	0,118443452
3100	2300	0,143853713
3100	2302	0,147993181
3100	2304	0,15419979
3100	2306	0,177751887
3100	2400	0,210566107
3100	2402	0,214464866
3100	2500	0,27357899
3100	2502	0,300974145
3100	2504	0,305752372
3100	3006	0,305752372
3100	3008	0,315361688
3100	3010	0,319039035
3100	3012	0,319521564
3100	3014	0,327091148
3100	3016	0,336774282
3100	3020	0,358986536
3100	3022	0,366003618
3100	3030	0,372723973
3100	3034	0,374502196
3100	3040	0,384162196
3100	3042	0,388687077
3100	3050	0,417197608
3100	3052	0,417016514
3110	2008	0,000789937
3110	2010	0,001181087
3110	2025	0,001757085
3110	2026	0,001854289
3110	2027	0,002709564
3110	2030	0,003288826
3110	2032	0,005533214
3110	2040	0,011410488
3110	2042	0,011579296
3110	2060	0,02001325
3110	2070	0,024837684
3110	2080	0,028128444
3110	2082	0,026974607
3110	2084	0,030078857
3110	2100	0,045965896
3110	2102	0,079431507
3110	2104	0,081316854
3110	2200	0,102048324
3110	2202	0,110745175
3110	2300	0,136350065
3110	2302	0,14044744
3110	2304	0,146575348
3110	2306	0,16954281
3110	2400	0,201825179
3110	2402	0,205591731
3110	2500	0,264179427
3110	2502	0,291634079
3110	2504	0,296356645
3110	3006	0,296356645
3110	3008	0,30570569
3110	3010	0,30932349
3110	3012	0,309803447
3110	3014	0,317247726
3110	3016	0,326712202
3110	3020	0,348450856
3110	3022	0,355470576
3110	3030	0,362082938
3110	3034	0,363772912
3110	3040	0,373290051
3110	3042	0,377699863
3110	3050	0,405624443
3110	3052	0,405390847
3110	3100	0,456416772
4000	2008	0,00075863
4000	2010	0,001130849
4000	2025	0,001598448
4000	2026	0,001691032
4000	2027	0,002505142
4000	2030	0,003057121
4000	2032	0,005197198
4000	2040	0,010349847
4000	2042	0,010894452
4000	2060	0,019047205
4000	2070	0,02369313
4000	2080	0,026807362
4000	2082	0,025798227
4000	2084	0,028729689
4000	2100	0,043554168
4000	2102	0,075724135
4000	2104	0,077514168
4000	2200	0,097458922
4000	2202	0,105450841
4000	2300	0,122250225
4000	2302	0,125472405
4000	2304	0,131233165
4000	2306	0,149724495
4000	2400	0,179934154
4000	2402	0,191519571
4000	2500	0,236878523
4000	2502	0,261146368
4000	2504	0,265492063
4000	3006	0,265492063
4000	3008	0,282519805
4000	3010	0,285764713
4000	3012	0,286170694
4000	3014	0,292834811
4000	3016	0,30179766
4000	3020	0,321732738
4000	3022	0,319330978
4000	3030	0,32489718
4000	3034	0,326394855
4000	3040	0,335022627
4000	3042	0,33853146
4000	3050	0,362591944
4000	3052	0,371270502
4000	3100	0,403153085
4000	3110	0,418438488
4002	2008	0,000744814
4002	2010	0,001110291
4002	2025	0,001648727
4002	2026	0,001739609
4002	2027	0,002538945
4002	2030	0,003080867
4002	2032	0,005182503
4002	2040	0,010665739
4002	2042	0,010815649
4002	2060	0,018778661
4002	2070	0,023355095
4002	2080	0,026424643
4002	2082	0,025389377
4002	2084	0,028278004
4002	2100	0,042888145
4002	2102	0,074777567
4002	2104	0,076547078
4002	2200	0,096209504
4002	2202	0,104070677
4002	2300	0,127414507
4002	2302	0,130650894
4002	2304	0,136312275
4002	2306	0,156783785
4002	2400	0,186467203
4002	2402	0,189225465
4002	2500	0,243526196
4002	2502	0,26766819
4002	2504	0,271950868
4002	3006	0,271950868
4002	3008	0,27937802
4002	3010	0,282587803
4002	3012	0,282990771
4002	3014	0,289569435
4002	3016	0,29842754
4002	3020	0,31803113
4002	3022	0,324780439
4002	3030	0,330260334
4002	3034	0,331738784
4002	3040	0,340279178
4002	3042	0,343834783
4002	3050	0,367462816
4002	3052	0,366874335
4002	3100	0,406543285
4002	3110	0,421538806
4002	4000	0,469217885
4004	2008	0,000741907
4004	2010	0,001105966
4004	2025	0,001642325
4004	2026	0,001732858
4004	2027	0,002529101
4004	2030	0,003068956
4004	2032	0,005195414
4004	2040	0,0106552
4004	2042	0,010804566
4004	2060	0,018739082
4004	2070	0,023300394
4004	2080	0,026362689
4004	2082	0,025331152
4004	2084	0,028210451
4004	2100	0,042609291
4004	2102	0,074413074
4004	2104	0,076179208
4004	2200	0,095712232
4004	2202	0,1035839
4004	2300	0,126836538
4004	2302	0,130146574
4004	2304	0,135664947
4004	2306	0,156052107
4004	2400	0,185559847
4004	2402	0,188027112
4004	2500	0,242032894
4004	2502	0,26612034
4004	2504	0,270344613
4004	3006	0,270344613
4004	3008	0,277719933
4004	3010	0,280925334
4004	3012	0,281328087
4004	3014	0,287911202
4004	3016	0,296680724
4004	3020	0,316369023
4004	3022	0,323128283
4004	3030	0,328534545
4004	3034	0,330010877
4004	3040	0,338484905
4004	3042	0,341886184
4004	3050	0,365399273
4004	3052	0,364794618
4004	3100	0,404024774
4004	3110	0,418988008
4004	4000	0,464884105
4004	4002	0,475006034
4100	2008	0,000721204
4100	2010	0,001078504
4100	2025	0,001604975
4100	2026	0,001693842
4100	2027	0,002475328
4100	2030	0,00300534
4100	2032	0,00509351
4100	2040	0,010438074
4100	2042	0,010566782
4100	2060	0,01828675
4100	2070	0,022799611
4100	2080	0,025771748
4100	2082	0,024770867
4100	2084	0,027608177
4100	2100	0,04154539
4100	2102	0,072854123
4100	2104	0,074598366
4100	2200	0,093776568
4100	2202	0,101468591
4100	2300	0,124317253
4100	2302	0,127590864
4100	2304	0,133008881
4100	2306	0,152862738
4100	2400	0,181552115
4100	2402	0,183944002
4100	2500	0,236871329
4100	2502	0,25948912
4100	2504	0,263595922
4100	3006	0,263595922
4100	3008	0,27038865
4100	3010	0,27352233
4100	3012	0,27396801
4100	3014	0,280499843
4100	3016	0,288959858
4100	3020	0,308080449
4100	3022	0,314850006
4100	3030	0,320017945
4100	3034	0,321225364
4100	3040	0,329535139
4100	3042	0,332809598
4100	3050	0,354944042
4100	3052	0,353631539
4100	3100	0,389943107
4100	3110	0,404272616
4100	4000	0,444157324
4100	4002	0,453843071
4100	4004	0,45806022
4102	2008	0,000720747
4102	2010	0,001077823
4102	2025	0,001603964
4102	2026	0,001692776
4102	2027	0,00247377
4102	2030	0,003003454
4102	2032	0,005090349
4102	2040	0,010431738
4102	2042	0,010560377
4102	2060	0,018275991
4102	2070	0,022786537
4102	2080	0,025757213
4102	2082	0,02475693
4102	2084	0,027592792
4102	2100	0,041522824
4102	2102	0,072816653
4102	2104	0,074560224
4102	2200	0,093695956
4102	2202	0,10140447
4102	2300	0,1242007
4102	2302	0,12747336
4102	2304	0,132889874
4102	2306	0,152642448
4102	2400	0,181255712
4102	2402	0,183651769
4102	2500	0,236521872
4102	2502	0,259101919
4102	2504	0,263208094
4102	3006	0,263208094
4102	3008	0,270005544
4102	3010	0,273138736
4102	3012	0,273502467
4102	3014	0,280018502
4102	3016	0,288465104
4102	3020	0,307585121
4102	3022	0,31435723
4102	3030	0,319561227
4102	3034	0,320768513
4102	3040	0,329017891
4102	3042	0,33229041
4102	3050	0,354371363
4102	3052	0,353170368
4102	3100	0,389451609
4102	3110	0,403782256
4102	4000	0,44362884
4102	4002	0,453238962
4102	4004	0,457434885
4102	4100	0,478816692
4104	2008	0,000720454
4104	2010	0,001077385
4104	2025	0,001603315
4104	2026	0,001692091
4104	2027	0,002472771
4104	2030	0,003002244
4104	2032	0,00508832
4104	2040	0,010427673
4104	2042	0,010556267
4104	2060	0,018269088
4104	2070	0,022778148
4104	2080	0,025747887
4104	2082	0,024747987
4104	2084	0,02758292
4104	2100	0,041508343
4104	2102	0,072792609
4104	2104	0,074535749
4104	2200	0,093666158
4104	2202	0,101372758
4104	2300	0,124164965
4104	2302	0,127436844
4104	2304	0,132852096
4104	2306	0,152599625
4104	2400	0,181206652
4104	2402	0,183601701
4104	2500	0,236424577
4104	2502	0,259004025
4104	2504	0,263109433
4104	3006	0,263109433
4104	3008	0,26990499
4104	3010	0,273037601
4104	3012	0,273401287
4104	3014	0,279916728
4104	3016	0,288361525
4104	3020	0,307478355
4104	3022	0,314240465
4104	3030	0,319421819
4104	3034	0,320628917
4104	3040	0,328877437
4104	3042	0,33214899
4104	3050	0,354224447
4104	3052	0,353022937
4104	3100	0,389307372
4104	3110	0,403636668
4104	4000	0,443349296
4104	4002	0,452959966
4104	4004	0,457194831
4104	4100	0,478520316
4104	4102	0,479863903
